0.0264273751527071 16.966018676757812 0.6301778554916382 0.008085601031780243 20.94143295288086 0.700822651386261 0:00:22.942463
0.00542363291606307 22.880474090576172 0.7526635527610779 0.0037539489567279816 24.278648376464844 0.7264288067817688 0:00:34.816920
0.0026254330296069384 25.858503341674805 0.7936776876449585 0.002527986653149128 26.011606216430664 0.7771172523498535 0:00:46.582534
0.0019030156545341015 27.226303100585938 0.8318561911582947 0.0022034402936697006 26.616790771484375 0.7985872626304626 0:00:58.481811
0.001694267033599317 27.728099822998047 0.8449674248695374 0.0020459648221731186 26.94447898864746 0.8077697157859802 0:01:10.541348
0.0015382773708552122 28.14971160888672 0.8552892804145813 0.0019119677599519491 27.24304962158203 0.8170207738876343 0:01:22.692034
0.00140767905395478 28.5358829498291 0.8657115697860718 0.0018199326004832983 27.46050262451172 0.8260348439216614 0:01:35.007617
0.001335309469141066 28.765424728393555 0.8735655546188354 0.0017749317921698093 27.57130241394043 0.8308930397033691 0:01:47.488624
0.0013016752200201154 28.87786865234375 0.877682626247406 0.0017592039657756686 27.610443115234375 0.8335011601448059 0:02:00.086635
0.0012818330433219671 28.94501495361328 0.8804135918617249 0.0017295469297096133 27.686260223388672 0.8356586694717407 0:02:12.572826
0.001265636645257473 29.00027847290039 0.8826195001602173 0.001723478315398097 27.701616287231445 0.8372198939323425 0:02:24.975906
0.0012517671566456556 29.04983901977539 0.8844619393348694 0.0017073261551558971 27.74358367919922 0.8386681079864502 0:02:37.327104
0.001241674879565835 29.083581924438477 0.8860649466514587 0.0017000272637233138 27.762645721435547 0.8399868011474609 0:02:49.673599
0.0012314709601923823 29.118330001831055 0.8878217935562134 0.0016994772013276815 27.76373863220215 0.8415591716766357 0:03:02.054088
0.0012213162845000625 29.156049728393555 0.8898777961730957 0.0016795662231743336 27.8162784576416 0.843651533126831 0:03:14.466524
0.0012105844216421247 29.193889617919922 0.8926386833190918 0.0016763851745054126 27.824399948120117 0.8459599018096924 0:03:26.915239
0.0012015169486403465 29.228506088256836 0.894583523273468 0.001666728057898581 27.850250244140625 0.8469820022583008 0:03:39.352162
0.0011987019097432494 29.237255096435547 0.895245373249054 0.001665198360569775 27.854427337646484 0.8475309610366821 0:03:51.740887
0.0011968688340857625 29.244152069091797 0.8958290815353394 0.001665226649492979 27.854312896728516 0.8480424284934998 0:04:04.144834
0.0011945078149437904 29.25400733947754 0.8963838219642639 0.0016719300765544176 27.83606719970703 0.8484195470809937 0:04:16.536162
0.001192245981656015 29.260997772216797 0.8968575596809387 0.0016603057738393545 27.86750030517578 0.8489911556243896 0:04:28.960735
0.0011895853094756603 29.27200698852539 0.8972417712211609 0.0016583515098318458 27.872900009155273 0.8492092490196228 0:04:41.358701
0.0011913117486983538 29.26581573486328 0.8973958492279053 0.0016612171893939376 27.864973068237305 0.8493753671646118 0:04:53.764458
0.0011882656253874302 29.276269912719727 0.8976756930351257 0.0016564339166507125 27.877897262573242 0.849506676197052 0:05:06.177894
0.0011875176569446921 29.27825164794922 0.8977779746055603 0.001658966881223023 27.871232986450195 0.8495633602142334 0:05:18.606998
0.0011876041535288095 29.279930114746094 0.8978360891342163 0.0016549514839425683 27.88213539123535 0.8496068716049194 0:05:31.043924
0.001187582383863628 29.279029846191406 0.8978702425956726 0.0016537739429622889 27.88515853881836 0.8497097492218018 0:05:43.468618
0.001186499954201281 29.28314971923828 0.8979108929634094 0.0016590056475251913 27.87125015258789 0.8496420383453369 0:05:55.874100
0.001186290057376027 29.28141975402832 0.8979817032814026 0.0016555634792894125 27.880477905273438 0.8496791124343872 0:06:08.285279
0.001186670851893723 29.28171157836914 0.897919774055481 0.0016536556649953127 27.88589096069336 0.8495614528656006 0:06:20.699630
0.0011841345112770796 29.29094696044922 0.8979692459106445 0.0016531659057363868 27.887399673461914 0.8495749235153198 0:06:33.107435
0.0011835979530587792 29.29271697998047 0.8979719877243042 0.001664346898905933 27.856826782226562 0.8494262099266052 0:06:45.510550
0.0011787309776991606 29.30766487121582 0.898028552532196 0.0016477367607876658 27.90239143371582 0.8494422435760498 0:06:57.921795
0.0011764764785766602 29.3197078704834 0.8979634046554565 0.0016390850069001317 27.92639923095703 0.8493948578834534 0:07:10.364671
0.0011674186680465937 29.354265213012695 0.898105263710022 0.0016303958836942911 27.949769973754883 0.8498148322105408 0:07:22.770474
0.0011587613262236118 29.385316848754883 0.8984086513519287 0.0016181041719391942 27.98387908935547 0.8501341938972473 0:07:35.181056
0.0011521411361172795 29.410707473754883 0.8987067937850952 0.0016127342823892832 27.998994827270508 0.850458562374115 0:07:47.598370
0.0011487421579658985 29.424537658691406 0.8989428281784058 0.0016086009563878179 28.01052474975586 0.8506498336791992 0:08:00.031153
0.0011453701881691813 29.437267303466797 0.8991947174072266 0.0016062894137576222 28.01738166809082 0.8509475588798523 0:08:12.457973
0.0011409283615648746 29.454998016357422 0.8994145393371582 0.0016022218624129891 28.02874755859375 0.8511788249015808 0:08:24.884988
0.001138925552368164 29.461191177368164 0.8995599150657654 0.0016049756668508053 28.02116584777832 0.8513416051864624 0:08:37.314731
0.001135109574533999 29.473234176635742 0.8997883200645447 0.001594185596331954 28.05177116394043 0.8516186475753784 0:08:49.741196
0.0011333145666867495 29.481464385986328 0.899885892868042 0.0015930025838315487 28.05500030517578 0.8516654968261719 0:09:02.167249
0.001131009659729898 29.492218017578125 0.8999475240707397 0.001585919875651598 28.075334548950195 0.8517600893974304 0:09:14.595494
0.0011290253605693579 29.500871658325195 0.9000455737113953 0.0015851609641686082 28.077289581298828 0.8516703844070435 0:09:27.012937
0.0011261090403422713 29.509048461914062 0.9001592993736267 0.0015827999450266361 28.08415985107422 0.8518553972244263 0:09:39.462521
0.001125345123000443 29.51418113708496 0.900154173374176 0.001580157084390521 28.091215133666992 0.8518854975700378 0:09:51.892289
0.0011239449959248304 29.51983642578125 0.9002387523651123 0.001577448332682252 28.099010467529297 0.8519300818443298 0:10:04.309974
0.0011217634892091155 29.528305053710938 0.9002692699432373 0.001572983805090189 28.11119842529297 0.8519284129142761 0:10:16.730103
0.001120257657021284 29.53597068786621 0.9003167152404785 0.0015709499130025506 28.117610931396484 0.8520343899726868 0:10:29.139744
0.0011169541394338012 29.547325134277344 0.9004830121994019 0.0015696482732892036 28.12095832824707 0.8522369861602783 0:10:41.576931
0.0011160075664520264 29.552837371826172 0.9005417823791504 0.0015716685447841883 28.115455627441406 0.8522782921791077 0:10:54.010509
0.0011147323530167341 29.555679321289062 0.900628924369812 0.0015666938852518797 28.129688262939453 0.8525812029838562 0:11:06.434265
0.0011128033511340618 29.56553840637207 0.9007421135902405 0.0015689131105318666 28.12354850769043 0.8525036573410034 0:11:18.866263
0.001112844911403954 29.563373565673828 0.9006889462471008 0.0015664697857573628 28.1304874420166 0.8526102900505066 0:11:31.300083
0.0011116492096334696 29.567367553710938 0.9007654190063477 0.0015625378582626581 28.141443252563477 0.8526167273521423 0:11:43.727327
0.0011113842483609915 29.56939125061035 0.9007487893104553 0.0015642716316506267 28.137081146240234 0.852683424949646 0:11:56.149395
0.0011116719106212258 29.566614151000977 0.9007686972618103 0.0015645177336409688 28.136363983154297 0.8525260090827942 0:12:08.584683
0.0011081952834501863 29.5821475982666 0.9008665680885315 0.0015640470664948225 28.1376895904541 0.852529764175415 0:12:21.032164
0.0011087304446846247 29.581680297851562 0.9008495807647705 0.0015659756027162075 28.13262176513672 0.8525397777557373 0:12:33.464193
0.001109411590732634 29.575481414794922 0.9008327722549438 0.0015686950646340847 28.124155044555664 0.8522803783416748 0:12:45.896762
0.0011070617474615574 29.585813522338867 0.9009023904800415 0.0015616738237440586 28.144014358520508 0.8525975942611694 0:12:58.325625
0.0011074574431404471 29.582454681396484 0.9008714556694031 0.0015621143393218517 28.143171310424805 0.8525660037994385 0:13:10.762108
0.0011058972449973226 29.591983795166016 0.9009751677513123 0.0015622650971636176 28.142784118652344 0.8525441288948059 0:13:23.180366
0.0011052138870581985 29.59425926208496 0.9009730219841003 0.0015592871932312846 28.15093231201172 0.8527630567550659 0:13:35.610177
0.0011047415900975466 29.594560623168945 0.9010370969772339 0.0015591345727443695 28.15180206298828 0.8526831865310669 0:13:48.159492
0.0011033109622076154 29.597965240478516 0.9010680913925171 0.0015585850924253464 28.153274536132812 0.8527880311012268 0:14:00.595696
0.0011027476284652948 29.604379653930664 0.9011393785476685 0.0015594499418511987 28.15154266357422 0.8528634905815125 0:14:13.024126
0.001101855537854135 29.603221893310547 0.9011460542678833 0.001557894516736269 28.156103134155273 0.85294109582901 0:14:25.440671
0.0011013628682121634 29.606510162353516 0.9011564254760742 0.001554984482936561 28.16425132751465 0.8528125286102295 0:14:37.875368
0.00109922606498003 29.617433547973633 0.90123450756073 0.0015545687638223171 28.16531753540039 0.8529722094535828 0:14:50.300241
0.0010996616911143064 29.613344192504883 0.9012086987495422 0.001555376104079187 28.16320037841797 0.8527972102165222 0:15:02.743293
0.0010983983520418406 29.622644424438477 0.9012963771820068 0.0015524276532232761 28.171466827392578 0.8529367446899414 0:15:15.180694
0.0010983264073729515 29.620262145996094 0.9012777209281921 0.0015519435983151197 28.17293930053711 0.8528907299041748 0:15:27.606599
0.0010974017204716802 29.621810913085938 0.9012946486473083 0.0015505795599892735 28.17717742919922 0.8529865741729736 0:15:40.024126
0.0010966660920530558 29.627735137939453 0.9013873338699341 0.001551097841002047 28.175559997558594 0.8529798984527588 0:15:52.439509
0.0010952712036669254 29.632211685180664 0.9014076590538025 0.001548501313664019 28.183006286621094 0.8530805110931396 0:16:04.867757
0.0010958629427477717 29.630990982055664 0.9013733863830566 0.0015512363752350211 28.17529296875 0.8530440330505371 0:16:17.291490
0.0010959593346342444 29.63044548034668 0.9014251828193665 0.0015460699796676636 28.19051742553711 0.8532842993736267 0:16:29.714501
0.0010932133300229907 29.640262603759766 0.9014773964881897 0.0015442798612639308 28.195201873779297 0.8531859517097473 0:16:42.186923
0.0010925047099590302 29.642751693725586 0.9015408158302307 0.0015434907982125878 28.197792053222656 0.853280782699585 0:16:54.618067
0.00109390658326447 29.637237548828125 0.9015401005744934 0.0015446110628545284 28.194419860839844 0.8531540632247925 0:17:07.055857
0.0010925951646640897 29.6431941986084 0.901541531085968 0.0015449593774974346 28.19368553161621 0.8530584573745728 0:17:19.487595
0.001092531718313694 29.64599609375 0.9015597701072693 0.0015435816021636128 28.197265625 0.8531852960586548 0:17:31.911015
0.0010916589526459575 29.64615249633789 0.9016011357307434 0.0015437825350090861 28.197492599487305 0.85321444272995 0:17:44.338757
0.0010912910802289844 29.647796630859375 0.901612401008606 0.0015439511043950915 28.19682502746582 0.8533117175102234 0:17:56.775714
0.001090451842173934 29.649507522583008 0.9016568660736084 0.001543286140076816 28.19908332824707 0.8532664179801941 0:18:09.202821
0.0010914492886513472 29.648082733154297 0.9016092419624329 0.0015405374579131603 28.206886291503906 0.8532955646514893 0:18:21.658050
0.001089616329409182 29.6555118560791 0.9016469717025757 0.0015422215219587088 28.20220184326172 0.8532293438911438 0:18:34.084571
0.0010898736072704196 29.654178619384766 0.9016633629798889 0.0015385757433250546 28.211942672729492 0.8531979918479919 0:18:46.501100
0.001088820630684495 29.657520294189453 0.9016886353492737 0.0015389015898108482 28.21153450012207 0.8534084558486938 0:18:58.925792
0.0010899062035605311 29.654579162597656 0.9016658067703247 0.0015397397801280022 28.20905303955078 0.853348433971405 0:19:11.354463
0.0010888976976275444 29.65810203552246 0.901705801486969 0.001541979261673987 28.20288848876953 0.8533535599708557 0:19:23.781407
0.001088029588572681 29.66219139099121 0.9017345309257507 0.00153855059761554 28.21202850341797 0.8533656001091003 0:19:36.210587
0.0010877142194658518 29.660856246948242 0.9017199277877808 0.0015386815648525953 28.212032318115234 0.8534615635871887 0:19:48.630339
0.0010870909318327904 29.66587257385254 0.9017557501792908 0.0015389008913189173 28.211294174194336 0.8533802032470703 0:20:01.062258
0.001087638665921986 29.663427352905273 0.901684582233429 0.0015370226465165615 28.216888427734375 0.8534619808197021 0:20:13.479560
0.0010868129320442677 29.665252685546875 0.9017548561096191 0.0015372332418337464 28.21619415283203 0.8534793853759766 0:20:25.901007
0.0010865993099287152 29.667512893676758 0.901739239692688 0.0015361133264377713 28.219717025756836 0.8534872531890869 0:20:38.311316
0.0010863695060834289 29.667949676513672 0.9017606973648071 0.0015370644396170974 28.216590881347656 0.8533146381378174 0:20:50.712573
