0.0012683466775342822 28.996122360229492 0.8894803524017334 0.0016612723702564836 27.857746124267578 0.847702145576477 0:00:17.702203
0.0011985728051513433 29.23896026611328 0.8945496678352356 0.0016645577270537615 27.856128692626953 0.8469037413597107 0:00:35.036151
0.001198317389935255 29.24030303955078 0.8945534229278564 0.0016652006888762116 27.854663848876953 0.8468567132949829 0:00:52.589327
0.0011973390355706215 29.243755340576172 0.8945899605751038 0.0016637002117931843 27.858259201049805 0.8468748927116394 0:01:09.953748
0.0011979758273810148 29.240015029907227 0.8945980668067932 0.0016637607477605343 27.85847282409668 0.8469319939613342 0:01:27.177149
0.0011959258699789643 29.248889923095703 0.8946578502655029 0.0016638224478811026 27.858383178710938 0.8469797968864441 0:01:44.428131
0.001195505610667169 29.24747657775879 0.8947070240974426 0.0016629976453259587 27.860794067382812 0.847050130367279 0:02:01.742872
0.001193946460261941 29.25560760498047 0.8949620723724365 0.0016623662086203694 27.862565994262695 0.8473265171051025 0:02:19.055316
0.001185832661576569 29.28592300415039 0.8962810039520264 0.001641217153519392 27.919933319091797 0.8488633632659912 0:02:36.396588
0.0011658660368993878 29.3605899810791 0.8976022005081177 0.0016133560566231608 27.99616813659668 0.8495806455612183 0:02:53.727917
0.0011437596986070275 29.439098358154297 0.8983421921730042 0.0015924586914479733 28.05437469482422 0.8502889275550842 0:03:11.071492
0.0011297789169475436 29.495147705078125 0.8988625407218933 0.0015702912351116538 28.114831924438477 0.8507793545722961 0:03:28.417467
0.0011132360668852925 29.56132698059082 0.8995967507362366 0.0015523767797276378 28.169164657592773 0.8516321778297424 0:03:45.757606
0.0011014142073690891 29.607223510742188 0.9001403450965881 0.0015434500528499484 28.1953125 0.8520547747612 0:04:03.089883
0.0010947248665615916 29.634597778320312 0.9005730748176575 0.0015341235557571054 28.22093963623047 0.852545440196991 0:04:20.392172
0.0010889476398006082 29.656593322753906 0.9009174704551697 0.00153277104254812 28.22524642944336 0.8527448177337646 0:04:37.659531
0.0010865925578400493 29.66764259338379 0.9010665416717529 0.0015318372752517462 28.228811264038086 0.8527693152427673 0:04:54.923015
0.0010837508598342538 29.679004669189453 0.9012601375579834 0.0015289431903511286 28.236913681030273 0.8529981374740601 0:05:12.237538
0.0010825240751728415 29.684019088745117 0.9013205766677856 0.0015297641512006521 28.234947204589844 0.8530070185661316 0:05:29.566192
0.0010810473468154669 29.688875198364258 0.9013782143592834 0.0015327592846006155 28.22670555114746 0.8526703715324402 0:05:46.899476
0.001077641500160098 29.701435089111328 0.9015902280807495 0.0015275392215698957 28.241544723510742 0.8529766201972961 0:06:04.177956
0.0010795642156153917 29.693674087524414 0.9014492034912109 0.0015270987059921026 28.24284553527832 0.8529130816459656 0:06:21.425259
0.0010759808355942369 29.708175659179688 0.9016849398612976 0.0015260650543496013 28.246463775634766 0.853076159954071 0:06:38.700266
0.0010752195958048105 29.713098526000977 0.9017245769500732 0.0015282077947631478 28.24100685119629 0.8529642820358276 0:06:56.015574
0.0010735607938840985 29.71839141845703 0.9018134474754333 0.0015295586781576276 28.236534118652344 0.8530011177062988 0:07:13.346266
0.001072893152013421 29.72044563293457 0.9019054174423218 0.001525198807939887 28.24909210205078 0.8532100319862366 0:07:30.665649
0.0010725524043664336 29.724411010742188 0.9019378423690796 0.0015237292973324656 28.253040313720703 0.8530511856079102 0:07:47.964998
0.0010709707858040929 29.730070114135742 0.9020231366157532 0.001523456652648747 28.254526138305664 0.8535062074661255 0:08:05.228784
0.0010709253838285804 29.72974967956543 0.9020519852638245 0.0015241742366924882 28.25275230407715 0.8535277843475342 0:08:22.484719
0.0010706051252782345 29.72944450378418 0.9020872712135315 0.0015241842484101653 28.25220489501953 0.8532231450080872 0:08:39.743658
0.0010691791540011764 29.737703323364258 0.9021754860877991 0.001523348269984126 28.255390167236328 0.8534743785858154 0:08:57.036459
0.0010681708808988333 29.740095138549805 0.9022201895713806 0.0015219588531181216 28.259132385253906 0.8534340262413025 0:09:14.339831
0.001068084267899394 29.74239730834961 0.9022473692893982 0.001522683771327138 28.2572021484375 0.8533279895782471 0:09:31.610085
0.0010666914749890566 29.748167037963867 0.9023728966712952 0.00152555201202631 28.24919319152832 0.853355348110199 0:09:48.857938
0.0010671894997358322 29.74701690673828 0.9023281335830688 0.0015235516475513577 28.25518035888672 0.85353684425354 0:10:06.153992
0.0010657156817615032 29.753253936767578 0.9023821949958801 0.0015210608253255486 28.26183319091797 0.8535135984420776 0:10:23.482848
0.0010646990267559886 29.75539779663086 0.9024553894996643 0.0015226537361741066 28.25808334350586 0.8536868691444397 0:10:40.794449
0.0010649424511939287 29.75471305847168 0.9024417996406555 0.0015203548828139901 28.264150619506836 0.8536894917488098 0:10:58.077069
0.0010643997229635715 29.757104873657227 0.9025163650512695 0.0015170028200373054 28.272865295410156 0.8536339402198792 0:11:15.451960
0.0010630234610289335 29.761558532714844 0.9025294184684753 0.001520436955615878 28.263757705688477 0.8535034656524658 0:11:32.723156
0.0010625295108184218 29.765029907226562 0.9025688767433167 0.0015169600956141949 28.27325439453125 0.8536412715911865 0:11:50.030414
0.0010622034315019846 29.76535415649414 0.9026221632957458 0.0015198831679299474 28.26573944091797 0.8535784482955933 0:12:07.374584
0.001061744405888021 29.769893646240234 0.9026212692260742 0.0015195483574643731 28.26645278930664 0.8538247346878052 0:12:24.698677
0.0010610305471345782 29.770776748657227 0.9026750922203064 0.001518765464425087 28.268760681152344 0.8536198139190674 0:12:42.025486
0.001061209011822939 29.771108627319336 0.9026480913162231 0.0015169919934123755 28.274147033691406 0.8540610074996948 0:12:59.372336
0.0010595147032290697 29.77996826171875 0.9027532935142517 0.0015174280852079391 28.273183822631836 0.8538500666618347 0:13:16.706455
0.0010596334468573332 29.77524185180664 0.9027542471885681 0.0015180563786998391 28.271780014038086 0.8538387417793274 0:13:34.058657
0.0010595301864668727 29.777311325073242 0.9027474522590637 0.0015180613845586777 28.27176856994629 0.8537495136260986 0:13:51.386888
0.0010588247096166015 29.779462814331055 0.9027594923973083 0.0015183084178715944 28.269926071166992 0.8537580966949463 0:14:08.733323
0.0010585006093606353 29.779176712036133 0.9028047323226929 0.0015173868741840124 28.27323341369629 0.8538647890090942 0:14:26.054250
0.0010574610205367208 29.785598754882812 0.9028440713882446 0.0015194162260740995 28.267671585083008 0.8536832332611084 0:14:43.369487
0.0010581114329397678 29.782705307006836 0.9028080701828003 0.0015183119103312492 28.270248413085938 0.8536779284477234 0:15:00.676240
0.0010570284212008119 29.788394927978516 0.9028682112693787 0.0015198212349787354 28.26551055908203 0.8534277677536011 0:15:17.990050
0.0010565136326476932 29.788442611694336 0.90290367603302 0.001515032141469419 28.27991485595703 0.8538234233856201 0:15:35.292389
0.0010563447140157223 29.78916358947754 0.9029172658920288 0.001520264893770218 28.26573944091797 0.8537943363189697 0:15:52.592424
0.0010556154884397984 29.792390823364258 0.9028885960578918 0.0015163937350735068 28.276527404785156 0.8538852334022522 0:16:09.886074
0.0010550855658948421 29.79400062561035 0.9029388427734375 0.001515718293376267 28.278066635131836 0.8539400100708008 0:16:27.198269
0.0010552714811637998 29.79302406311035 0.9029595255851746 0.001517235185019672 28.273866653442383 0.8539760112762451 0:16:44.503350
0.0010549643775448203 29.79647445678711 0.9029318690299988 0.001521131838671863 28.263288497924805 0.853543221950531 0:17:01.816402
0.0010544054675847292 29.7963809967041 0.902981162071228 0.001515412935987115 28.279151916503906 0.8538848757743835 0:17:19.112459
0.001054667867720127 29.79721450805664 0.9029744863510132 0.0015163022326305509 28.276344299316406 0.8536617755889893 0:17:36.400742
0.0010548413265496492 29.796096801757812 0.9029591083526611 0.0015141672920435667 28.282190322875977 0.8540880680084229 0:17:53.693109
0.0010532205924391747 29.80130386352539 0.9030179381370544 0.0015151393599808216 28.279455184936523 0.853728711605072 0:18:10.984528
0.0010532161686569452 29.802249908447266 0.9030190706253052 0.0015135621652007103 28.283851623535156 0.8539447784423828 0:18:28.279864
0.0010526409605517983 29.805164337158203 0.9030449986457825 0.0015164836077019572 28.27630615234375 0.8538275957107544 0:18:45.570703
0.0010521087097004056 29.807470321655273 0.9030637145042419 0.0015151151455938816 28.279701232910156 0.8539553284645081 0:19:02.869164
0.001050942693836987 29.8107967376709 0.9031195044517517 0.0015132528496906161 28.285186767578125 0.8541291356086731 0:19:20.188139
0.0010528136044740677 29.802734375 0.9030200242996216 0.00151434529107064 28.282073974609375 0.8538854122161865 0:19:37.505841
0.0010515459580346942 29.809614181518555 0.9030303955078125 0.0015141259646043181 28.2822265625 0.8537846207618713 0:19:54.825920
0.0010507197584956884 29.81365394592285 0.903119683265686 0.0015184509102255106 28.27042007446289 0.8534704446792603 0:20:12.156140
0.0010495427995920181 29.817562103271484 0.9031438231468201 0.001513872412033379 28.28391456604004 0.854020357131958 0:20:29.495290
0.0010518230265006423 29.809059143066406 0.9030614495277405 0.0015147877857089043 28.28089141845703 0.8536607027053833 0:20:46.828803
0.00104955630376935 29.81694793701172 0.9031147360801697 0.001516213989816606 28.277347564697266 0.853965699672699 0:21:04.170701
0.001050288905389607 29.815406799316406 0.9030587077140808 0.001515972544439137 28.277509689331055 0.8536799550056458 0:21:21.517000
0.0010496567701920867 29.817352294921875 0.90311598777771 0.0015154494903981686 28.278738021850586 0.8537023067474365 0:21:38.836806
0.0010488801635801792 29.820396423339844 0.9031461477279663 0.001514772535301745 28.281728744506836 0.8539243340492249 0:21:56.169228
0.001048394711688161 29.822601318359375 0.9031886458396912 0.0015173570718616247 28.274070739746094 0.8536592125892639 0:22:13.492537
0.0010471749119460583 29.82550048828125 0.9031829237937927 0.0015159579925239086 28.277996063232422 0.8536943197250366 0:22:30.818420
0.0010482610668987036 29.824846267700195 0.903166651725769 0.0015134414425119758 28.28459358215332 0.8539287447929382 0:22:48.132316
0.0010471944697201252 29.828880310058594 0.9032061696052551 0.001511528273113072 28.29058074951172 0.8542017340660095 0:23:05.431149
0.0010479837656021118 29.823898315429688 0.9031683802604675 0.0015138844028115273 28.28349494934082 0.8538611531257629 0:23:22.772114
0.0010473185684531927 29.82575035095215 0.9031646847724915 0.0015127826482057571 28.286855697631836 0.8539564609527588 0:23:40.102945
0.001046997494995594 29.829120635986328 0.9031708836555481 0.0015123020857572556 28.2880859375 0.853892982006073 0:23:57.407140
0.001046474208123982 29.83104705810547 0.9031640887260437 0.0015150198014453053 28.28092384338379 0.8535973429679871 0:24:14.709960
0.0010457729222252965 29.833614349365234 0.903211236000061 0.0015136683359742165 28.284637451171875 0.8539376258850098 0:24:32.013642
0.001046671997755766 29.829402923583984 0.9031657576560974 0.0015118427108973265 28.289182662963867 0.8538268804550171 0:24:49.310389
0.0010454062139615417 29.83091926574707 0.903221070766449 0.001513024209998548 28.285676956176758 0.8535072803497314 0:25:06.581029
0.0010454674484208226 29.8363094329834 0.9031956791877747 0.0015150080434978008 28.280986785888672 0.8538638949394226 0:25:23.851859
0.0010457226308062673 29.832340240478516 0.9031936526298523 0.0015108275692909956 28.29241180419922 0.8538907766342163 0:25:41.109318
0.0010453781578689814 29.83586311340332 0.9032334685325623 0.0015174151631072164 28.27450180053711 0.8538424372673035 0:25:58.365094
0.0010444207582622766 29.840261459350586 0.903235912322998 0.0015131012769415975 28.2857608795166 0.8537663221359253 0:26:15.608269
0.0010445954976603389 29.8391170501709 0.9032212495803833 0.001514245173893869 28.282983779907227 0.8537841439247131 0:26:32.849361
0.0010438553290441632 29.842388153076172 0.9032291173934937 0.0015110591193661094 28.29180908203125 0.8538790941238403 0:26:50.105172
0.0010441270424053073 29.838911056518555 0.9032085537910461 0.0015110361855477095 28.291648864746094 0.8539276123046875 0:27:07.365150
0.0010439265752211213 29.842544555664062 0.9032226204872131 0.0015120181487873197 28.28873062133789 0.8537241220474243 0:27:24.638811
0.0010432465933263302 29.84336280822754 0.9032342433929443 0.001511405105702579 28.291227340698242 0.8537430167198181 0:27:41.933136
0.0010427988599985838 29.847225189208984 0.9032719731330872 0.0015117005677893758 28.29024314880371 0.8538577556610107 0:27:59.224032
0.0010431238915771246 29.844900131225586 0.9032360911369324 0.0015113957924768329 28.29083824157715 0.8537432551383972 0:28:16.531801
0.0010424256324768066 29.847082138061523 0.9032499194145203 0.0015117765869945288 28.28974151611328 0.8536876440048218 0:28:33.841453
0.0010426806984469295 29.845531463623047 0.9032089114189148 0.0015127178048714995 28.2877254486084 0.8538869619369507 0:28:51.152973
