0.0012109536910429597 29.195077896118164 0.8938106894493103 0.0016516130417585373 27.830209732055664 0.8444239497184753 0:00:12.367176
0.0011883669067174196 29.275068283081055 0.8966416120529175 0.0016427038935944438 27.854557037353516 0.8460450768470764 0:00:24.127718
0.0011850215960294008 29.288835525512695 0.897293210029602 0.0016413046978414059 27.85832977294922 0.8464205265045166 0:00:36.456853
0.0011839892249554396 29.290794372558594 0.8975548148155212 0.0016411530086770654 27.85875129699707 0.8464717864990234 0:00:48.255764
0.0011837964411824942 29.291929244995117 0.8975794315338135 0.001640337985008955 27.860910415649414 0.846592903137207 0:00:59.953451
0.0011809805873781443 29.302642822265625 0.8978233933448792 0.0016412953846156597 27.858373641967773 0.8467154502868652 0:01:11.741403
0.0011835650075227022 29.293251037597656 0.89774090051651 0.0016403390327468514 27.860925674438477 0.846770703792572 0:01:23.433641
0.0011818644125014544 29.299772262573242 0.8979201316833496 0.0016399613814428449 27.861963272094727 0.8467888236045837 0:01:35.151844
0.0011819092324003577 29.300579071044922 0.8979575634002686 0.0016394737176597118 27.863210678100586 0.8468782901763916 0:01:46.897193
0.0011807545088231564 29.303741455078125 0.8980876207351685 0.0016405791975557804 27.860334396362305 0.8468356728553772 0:01:58.611754
0.0011807914124801755 29.304370880126953 0.8981133103370667 0.0016399255255237222 27.862037658691406 0.8469353318214417 0:02:10.299322
0.0011802281951531768 29.30706787109375 0.8981679677963257 0.0016404822235926986 27.860557556152344 0.8469190001487732 0:02:22.011564
0.0011810200521722436 29.303937911987305 0.8980829119682312 0.0016395954880863428 27.862916946411133 0.8469341993331909 0:02:33.709700
0.001180916791781783 29.304086685180664 0.8981185555458069 0.0016406637150794268 27.86011505126953 0.8468431234359741 0:02:45.417448
0.001179456477984786 29.308034896850586 0.8981671333312988 0.0016402670880779624 27.861173629760742 0.8468489646911621 0:02:57.132032
0.0011803623056039214 29.307113647460938 0.8981319665908813 0.0016398837324231863 27.86212921142578 0.8468949198722839 0:03:08.820122
0.001181313069537282 29.30315399169922 0.8981152176856995 0.0016403907211497426 27.860801696777344 0.8468482494354248 0:03:20.527856
0.001180254970677197 29.3066349029541 0.8981269598007202 0.0016395257553085685 27.863128662109375 0.8468953967094421 0:03:32.223451
0.0011802278459072113 29.306371688842773 0.8981245756149292 0.001640183269046247 27.861326217651367 0.8468327522277832 0:03:43.998242
0.0011799164349213243 29.305213928222656 0.8980833888053894 0.0016343765892088413 27.87665557861328 0.8469135165214539 0:03:55.719629
0.00117336621042341 29.33057975769043 0.898208737373352 0.0016173779731616378 27.922292709350586 0.8472806811332703 0:04:07.407786
0.0011633433168753982 29.370641708374023 0.8986061811447144 0.0016110696597024798 27.939476013183594 0.8476207256317139 0:04:19.121612
0.001160432817414403 29.38013458251953 0.8987340927124023 0.0016075370367616415 27.94905662536621 0.8477504849433899 0:04:30.902443
0.001157331746071577 29.390371322631836 0.8989050388336182 0.001605021534487605 27.9559326171875 0.8478273749351501 0:04:42.618444
0.0011552004143595695 29.3981876373291 0.8990061283111572 0.0016070352867245674 27.950599670410156 0.8477752804756165 0:04:54.326370
0.0011538080871105194 29.405227661132812 0.899038553237915 0.0016021173214539886 27.96388816833496 0.8479821681976318 0:05:06.010523
0.001151440548710525 29.41429328918457 0.8991189002990723 0.0016034734435379505 27.960378646850586 0.8478609919548035 0:05:17.716248
0.0011469376040622592 29.43082618713379 0.8992419242858887 0.0015984888887032866 27.97421646118164 0.848015546798706 0:05:29.445804
0.0011387650156393647 29.463542938232422 0.8994928002357483 0.0015883020823821425 28.00200653076172 0.848291277885437 0:05:41.140396
0.0011328983819112182 29.48552131652832 0.8997538089752197 0.001582074211910367 28.018882751464844 0.8484377264976501 0:05:52.835635
0.0011289087124168873 29.501441955566406 0.8999546766281128 0.001576945185661316 28.03318214416504 0.8487792611122131 0:06:04.555371
0.0011266311630606651 29.509605407714844 0.9000868201255798 0.0015713369939476252 28.048782348632812 0.848997950553894 0:06:16.239094
0.001124098664149642 29.518335342407227 0.9002232551574707 0.0015652587171643972 28.065954208374023 0.8492043614387512 0:06:27.985721
0.0011201597517356277 29.533262252807617 0.9004548788070679 0.0015585836954414845 28.084678649902344 0.8494117259979248 0:06:39.729580
0.001115941908210516 29.552066802978516 0.900640070438385 0.0015551481628790498 28.09412384033203 0.8498809337615967 0:06:51.455957
0.0011104731820523739 29.57256317138672 0.9008916020393372 0.0015482142334803939 28.11353874206543 0.8501603603363037 0:07:03.195983
0.0011054641800001264 29.593027114868164 0.9011156558990479 0.0015430666971951723 28.128170013427734 0.8502522110939026 0:07:14.898005
0.0011030646273866296 29.60191535949707 0.9012271761894226 0.0015402061399072409 28.13634490966797 0.8503198027610779 0:07:26.595185
0.0011013688053935766 29.608116149902344 0.901262104511261 0.0015382861020043492 28.141538619995117 0.8503187298774719 0:07:38.305326
0.0011002715909853578 29.611217498779297 0.9012763500213623 0.0015391022898256779 28.139413833618164 0.8502741456031799 0:07:49.998039
0.0010978607460856438 29.61948013305664 0.9013569951057434 0.0015384224243462086 28.141517639160156 0.850264310836792 0:08:01.705301
0.0010979503858834505 29.62112808227539 0.9012665748596191 0.001535917166620493 28.148656845092773 0.8502655029296875 0:08:13.395036
0.0010962175438180566 29.627710342407227 0.9013441205024719 0.001534974784590304 28.151639938354492 0.8501793146133423 0:08:25.090520
0.0010938727064058185 29.639490127563477 0.9014115929603577 0.0015319702215492725 28.16019058227539 0.8505033254623413 0:08:36.807752
0.0010899599874392152 29.655221939086914 0.9015806913375854 0.0015345817664638162 28.153114318847656 0.8502850532531738 0:08:48.491546
0.0010874978033825755 29.662445068359375 0.9016978740692139 0.0015293632168322802 28.16786766052246 0.8504011034965515 0:09:00.190893
0.0010869789402931929 29.665050506591797 0.9017446041107178 0.0015306430868804455 28.164363861083984 0.8502532243728638 0:09:11.903420
0.0010840973118320107 29.677284240722656 0.9018843173980713 0.00152760767377913 28.173206329345703 0.8505504727363586 0:09:23.598487
0.0010822447948157787 29.685256958007812 0.9019784331321716 0.0015297959325835109 28.167051315307617 0.8507074117660522 0:09:35.570625
0.0010812593391165137 29.68683624267578 0.902040421962738 0.0015264252433553338 28.176546096801758 0.850648045539856 0:09:47.477966
0.0010806119535118341 29.689476013183594 0.902053952217102 0.0015283400425687432 28.171329498291016 0.8507179021835327 0:09:59.158617
0.001080086687579751 29.69489288330078 0.9020704627037048 0.0015243225498124957 28.18254852294922 0.850773811340332 0:10:10.887507
0.0010782132158055902 29.699602127075195 0.9022093415260315 0.0015263680834323168 28.17683219909668 0.8507631421089172 0:10:22.592783
0.0010786037892103195 29.70117950439453 0.9021783471107483 0.0015231535071507096 28.185951232910156 0.8507112264633179 0:10:34.281873
0.0010767900384962559 29.70589256286621 0.9022340178489685 0.001523412181995809 28.18538475036621 0.8507092595100403 0:10:45.981385
0.0010767168132588267 29.707672119140625 0.9022321701049805 0.0015220287023112178 28.189109802246094 0.8507330417633057 0:10:57.668814
0.001076319022104144 29.70893096923828 0.9022343754768372 0.0015236794715747237 28.18440055847168 0.8506559729576111 0:11:09.362309
0.0010751720983535051 29.714290618896484 0.902252733707428 0.0015228413976728916 28.18706703186035 0.8504976034164429 0:11:21.156584
0.0010738696437329054 29.719066619873047 0.9023570418357849 0.0015200399793684483 28.194801330566406 0.8508608341217041 0:11:32.842957
0.0010741512523964047 29.717153549194336 0.9023200273513794 0.0015201084315776825 28.194719314575195 0.8507841229438782 0:11:44.554902
0.001073329127393663 29.721115112304688 0.902386486530304 0.0015207548858597875 28.19287872314453 0.8506912589073181 0:11:56.244387
0.0010726485634222627 29.72186851501465 0.9024012684822083 0.0015169548569247127 28.203664779663086 0.8509380221366882 0:12:07.933193
0.0010722815059125423 29.724578857421875 0.9023658633232117 0.0015191440470516682 28.197420120239258 0.8504962921142578 0:12:19.656510
0.0010717911645770073 29.726362228393555 0.9023792147636414 0.0015160550829023123 28.205957412719727 0.8507596254348755 0:12:31.371510
0.0010710827773436904 29.731571197509766 0.902413547039032 0.0015179854817688465 28.200645446777344 0.8506487011909485 0:12:43.128320
0.0010698592523112893 29.73771858215332 0.9024657607078552 0.0015153861604630947 28.20782470703125 0.8509721159934998 0:12:54.841343
0.0010705033782869577 29.731592178344727 0.9023946523666382 0.0015202932991087437 28.1943359375 0.8506368398666382 0:13:06.537239
0.0010696841636672616 29.736894607543945 0.9024472832679749 0.001516901422291994 28.203758239746094 0.8507604002952576 0:13:18.260514
0.0010685179149731994 29.739248275756836 0.9024516940116882 0.0015173880383372307 28.20241928100586 0.8504851460456848 0:13:29.960915
0.0010677874088287354 29.742441177368164 0.9024881720542908 0.001515265554189682 28.20844268798828 0.8506019115447998 0:13:41.643966
0.001068582059815526 29.73995590209961 0.9024113416671753 0.0015149407554417849 28.209402084350586 0.8507948517799377 0:13:53.386242
0.0010673970682546496 29.742708206176758 0.9025039076805115 0.0015122690238058567 28.21674346923828 0.850708544254303 0:14:05.079429
0.0010671265190467238 29.74616813659668 0.902479887008667 0.0015123244374990463 28.21672248840332 0.8506977558135986 0:14:16.776825
0.001066413358785212 29.74973487854004 0.9024628400802612 0.0015119105810299516 28.21758270263672 0.8507224917411804 0:14:28.479019
0.00106511649210006 29.752487182617188 0.9025418758392334 0.0015150291146710515 28.20909881591797 0.8507490754127502 0:14:40.170240
0.0010651717893779278 29.754514694213867 0.9025231003761292 0.0015127073274925351 28.215572357177734 0.8507853150367737 0:14:51.863263
0.0010641398839652538 29.75882339477539 0.9025644659996033 0.0015159877948462963 28.206388473510742 0.8505068421363831 0:15:03.563222
0.0010641879634931684 29.755342483520508 0.9025450348854065 0.0015128218801692128 28.21509552001953 0.8508315682411194 0:15:15.250615
0.001063785282894969 29.7576961517334 0.9025388360023499 0.0015163864009082317 28.205177307128906 0.8505852222442627 0:15:26.963145
0.0010634595528244972 29.759994506835938 0.9025580883026123 0.0015133883571252227 28.213788986206055 0.8506415486335754 0:15:38.690366
0.0010620610555633903 29.765331268310547 0.902615487575531 0.0015116072027012706 28.21877098083496 0.8508784174919128 0:15:50.389041
0.0010619554668664932 29.76482391357422 0.9026082158088684 0.0015104187186807394 28.222097396850586 0.8510008454322815 0:16:02.100434
0.0010624483693391085 29.7641658782959 0.9025997519493103 0.0015151335392147303 28.208829879760742 0.8503996133804321 0:16:13.792016
0.001060298178344965 29.773418426513672 0.9026705026626587 0.0015138430753722787 28.21265411376953 0.850696325302124 0:16:25.500172
0.0010597262298688293 29.775964736938477 0.9026294946670532 0.001508088200353086 28.228843688964844 0.8508307933807373 0:16:37.292839
0.0010599232045933604 29.774385452270508 0.9026473164558411 0.0015126547077670693 28.21581268310547 0.8506758213043213 0:16:48.982534
0.001059363828971982 29.77622413635254 0.9026762843132019 0.0015122508630156517 28.217138290405273 0.8506642580032349 0:17:00.711636
0.001058800844475627 29.779497146606445 0.9026943445205688 0.0015107764629647136 28.22137451171875 0.8506906032562256 0:17:12.415661
0.0010588893201202154 29.7797794342041 0.9026696681976318 0.0015122850891202688 28.217208862304688 0.8506617546081543 0:17:24.103175
0.0010592166800051928 29.777387619018555 0.9026367664337158 0.001511626411229372 28.21872329711914 0.8508553504943848 0:17:35.819079
0.0010577640496194363 29.784944534301758 0.9027430415153503 0.0015124725177884102 28.216732025146484 0.8508634567260742 0:17:47.508097
0.0010581198148429394 29.78310203552246 0.9026828408241272 0.0015090627130120993 28.226112365722656 0.8506950736045837 0:17:59.196007
0.0010577804641798139 29.78497886657715 0.9027056097984314 0.0015101087046787143 28.22332763671875 0.8506230115890503 0:18:10.921687
0.0010575762717053294 29.78421401977539 0.9026433229446411 0.0015093742404133081 28.22549819946289 0.8509502410888672 0:18:22.606169
0.0010557129280641675 29.793527603149414 0.9027599096298218 0.0015090152155607939 28.22653579711914 0.8506608605384827 0:18:34.315543
0.0010564998956397176 29.786672592163086 0.9027111530303955 0.001512085902504623 28.217872619628906 0.8506112098693848 0:18:46.082571
0.0010554521577432752 29.795059204101562 0.9027430415153503 0.0015123754274100065 28.216947555541992 0.8505726456642151 0:18:57.783719
0.0010559606598690152 29.791597366333008 0.9027400612831116 0.0015118280425667763 28.218616485595703 0.85047447681427 0:19:09.488240
0.001055135391652584 29.794836044311523 0.9027350544929504 0.0015111470129340887 28.22058868408203 0.8503281474113464 0:19:21.173903
0.0010549984872341156 29.796085357666016 0.9027689099311829 0.0015122168697416782 28.217445373535156 0.8506554365158081 0:19:32.863040
0.0010556508786976337 29.791492462158203 0.9026724100112915 0.0015115076676011086 28.21963119506836 0.850730299949646 0:19:44.574915
0.0010552414460107684 29.79432487487793 0.9027169942855835 0.0015106047503650188 28.222047805786133 0.850671648979187 0:19:56.265042
0.0010537789203226566 29.79977798461914 0.9027819037437439 0.0015108573716133833 28.22142791748047 0.8507219552993774 0:20:07.964718
0.0010543117532506585 29.79848861694336 0.9027493000030518 0.0015087721403688192 28.227275848388672 0.8507183194160461 0:20:19.657236
0.0010548641439527273 29.795608520507812 0.9027113914489746 0.0015102359466254711 28.223133087158203 0.8507452011108398 0:20:31.349685
0.001053979154676199 29.798358917236328 0.9027377963066101 0.001510240719653666 28.223100662231445 0.8504828214645386 0:20:43.056825
0.0010528957936912775 29.804258346557617 0.9027679562568665 0.0015085077611729503 28.228187561035156 0.8507879972457886 0:20:54.739844
0.0010520051000639796 29.80715560913086 0.9027791023254395 0.001509001012891531 28.226850509643555 0.8505874276161194 0:21:06.428028
0.0010536444606259465 29.800090789794922 0.9026979804039001 0.0015081580495461822 28.22908592224121 0.8507506847381592 0:21:18.135216
0.0010533659951761365 29.802579879760742 0.9026970267295837 0.0015094528207555413 28.22515106201172 0.8506757616996765 0:21:29.827813
0.0010522360680624843 29.806886672973633 0.9028066992759705 0.0015093603869900107 28.22568130493164 0.8508254885673523 0:21:41.626729
0.0010530727449804544 29.803003311157227 0.9027248620986938 0.0015113697154447436 28.220012664794922 0.8503261208534241 0:21:53.615226
0.0010519311763346195 29.808303833007812 0.9027801752090454 0.0015073894755914807 28.23134994506836 0.850798487663269 0:22:05.298769
0.001052078208886087 29.805335998535156 0.9027751684188843 0.0015054180985316634 28.23656463623047 0.8510041236877441 0:22:17.023379
0.001051484141498804 29.810733795166016 0.9027500152587891 0.0015082568861544132 28.22860336303711 0.8507778644561768 0:22:28.711969
0.001050625229254365 29.812894821166992 0.9028139114379883 0.0015062156599014997 28.23435401916504 0.8508338928222656 0:22:40.386969
0.0010501829674467444 29.816347122192383 0.9028213024139404 0.0015095762209966779 28.22513771057129 0.8504465818405151 0:22:52.097514
0.001049742684699595 29.817476272583008 0.9028407335281372 0.0015064594335854053 28.233692169189453 0.8508369326591492 0:23:03.777705
0.0010515431640669703 29.81154441833496 0.9027353525161743 0.0015069084474816918 28.232622146606445 0.8506794571876526 0:23:15.478046
0.0010494667803868651 29.820158004760742 0.9028266072273254 0.0015058207791298628 28.23552703857422 0.850820004940033 0:23:27.181370
0.0010494849411770701 29.817975997924805 0.9028204679489136 0.0015086453640833497 28.227638244628906 0.850678563117981 0:23:38.868263
0.0010487298713997006 29.818740844726562 0.9028710722923279 0.0015084260376170278 28.228275299072266 0.8507326245307922 0:23:50.572826
0.0010500781936571002 29.81422233581543 0.9027950763702393 0.0015038875862956047 28.24112892150879 0.8506512641906738 0:24:02.263514
0.0010491057764738798 29.817975997924805 0.9028218984603882 0.001509041409008205 28.2265625 0.8505957722663879 0:24:13.948151
0.0010482552461326122 29.8214168548584 0.902873158454895 0.001507689361460507 28.23027801513672 0.8507332801818848 0:24:25.663841
0.0010482606012374163 29.82349967956543 0.9028527140617371 0.0015071309171617031 28.231807708740234 0.8505751490592957 0:24:37.375085
0.0010484493104740977 29.81999969482422 0.9028114080429077 0.0015068522188812494 28.232553482055664 0.8508077263832092 0:24:49.133914
0.0010477318428456783 29.823997497558594 0.902848482131958 0.0015064454637467861 28.233915328979492 0.8505620360374451 0:25:00.883648
0.001048655598424375 29.821550369262695 0.9028400778770447 0.001505196327343583 28.2371768951416 0.8508314490318298 0:25:12.565389
0.001047189929522574 29.825214385986328 0.902920663356781 0.0015041845617815852 28.24017906188965 0.8507614731788635 0:25:24.282792
0.00104817864485085 29.823869705200195 0.9028517007827759 0.0015053929528221488 28.236713409423828 0.8507532477378845 0:25:35.970884
0.0010465652449056506 29.82976722717285 0.9028745293617249 0.001504408079199493 28.239641189575195 0.8507600426673889 0:25:47.652267
0.0010473309084773064 29.82729148864746 0.9028745293617249 0.0015015280805528164 28.247779846191406 0.8508794903755188 0:25:59.455061
0.001046784338541329 29.829891204833984 0.9028542637825012 0.001503489096648991 28.242183685302734 0.8505944609642029 0:26:11.133955
0.0010460986522957683 29.829673767089844 0.9029074907302856 0.0015026909532025456 28.244598388671875 0.8507164120674133 0:26:22.811904
0.0010451452108100057 29.83652114868164 0.902915894985199 0.0015064331237226725 28.233903884887695 0.8507283329963684 0:26:34.523108
0.0010470072738826275 29.82933235168457 0.9028448462486267 0.0015080152079463005 28.229278564453125 0.8504108786582947 0:26:46.194917
0.0010456305462867022 29.833160400390625 0.9029061198234558 0.0015033582458272576 28.242761611938477 0.8508427739143372 0:26:57.910196
0.0010459395125508308 29.831266403198242 0.902891993522644 0.0015053915558382869 28.236825942993164 0.8509154319763184 0:27:09.616967
0.001045592362061143 29.832422256469727 0.9028945565223694 0.001508109038695693 28.229215621948242 0.8507634401321411 0:27:21.321043
0.00104595348238945 29.832347869873047 0.9029037952423096 0.0015034961979836226 28.24211883544922 0.8508808612823486 0:27:33.047372
0.0010452716378495097 29.837631225585938 0.9028873443603516 0.0015075972769409418 28.230546951293945 0.850505530834198 0:27:44.770350
0.0010450530098751187 29.83386993408203 0.9028568863868713 0.0015066709602251649 28.232955932617188 0.850337028503418 0:27:56.464089
0.0010449386900290847 29.834957122802734 0.9029222130775452 0.0015058633871376514 28.235509872436523 0.850684404373169 0:28:08.168868
0.0010444518411532044 29.838199615478516 0.9028979539871216 0.0015051555819809437 28.237449645996094 0.8505786657333374 0:28:19.851853
0.0010442816419526935 29.837913513183594 0.902914822101593 0.0015060792211443186 28.235084533691406 0.8505529761314392 0:28:31.555469
0.0010449164547026157 29.835086822509766 0.9028725028038025 0.0015048873610794544 28.238229751586914 0.8507111072540283 0:28:43.335615
0.0010433123679831624 29.84522247314453 0.9029704332351685 0.0015033516101539135 28.24257469177246 0.8507339954376221 0:28:55.022493
0.0010446076048538089 29.839550018310547 0.9028912782669067 0.0015057646669447422 28.235750198364258 0.8504934906959534 0:29:06.733974
0.0010421555489301682 29.845029830932617 0.9030147790908813 0.0015019429847598076 28.246328353881836 0.8508153557777405 0:29:18.415809
0.0010427433298900723 29.845928192138672 0.9029679894447327 0.0015037956181913614 28.241180419921875 0.8506783246994019 0:29:30.102911
0.0010428212117403746 29.844383239746094 0.9029638767242432 0.0015035810647532344 28.24189567565918 0.8508080244064331 0:29:41.857090
0.0010432257549837232 29.844758987426758 0.9029218554496765 0.0015018590493127704 28.246702194213867 0.8507993221282959 0:29:53.547692
0.0010419129393994808 29.84795379638672 0.9030016660690308 0.0015042503364384174 28.240074157714844 0.8507401943206787 0:30:05.255403
0.0010431670816615224 29.845312118530273 0.9029255509376526 0.0015081852907314897 28.22894287109375 0.8502131104469299 0:30:16.990782
0.001042687799781561 29.846776962280273 0.9029402732849121 0.0015020706923678517 28.24622344970703 0.8507448434829712 0:30:28.679057
0.0010409860406070948 29.85138511657715 0.9029929041862488 0.0015023188898339868 28.245391845703125 0.850517988204956 0:30:40.409463
0.0010416307486593723 29.848953247070312 0.9029715657234192 0.0015044350875541568 28.23961639404297 0.8506845235824585 0:30:52.170518
0.001040646224282682 29.855621337890625 0.9030505418777466 0.0015008223708719015 28.249752044677734 0.8507019281387329 0:31:03.873084
0.0010425703367218375 29.847457885742188 0.9028914570808411 0.0015034276293590665 28.242340087890625 0.8506060838699341 0:31:15.591902
0.0010409627575427294 29.85215187072754 0.9029762148857117 0.0015017897821962833 28.246919631958008 0.8509294986724854 0:31:27.278086
0.0010411740513518453 29.85209846496582 0.9029735326766968 0.0015036810655146837 28.24163818359375 0.8507848381996155 0:31:38.983375
0.0010405187495052814 29.85382652282715 0.9030091762542725 0.0015025143511593342 28.244831085205078 0.8507153391838074 0:31:50.688744
0.0010407635709270835 29.852806091308594 0.903019368648529 0.0015047912020236254 28.2382755279541 0.8505702018737793 0:32:02.384613
0.0010411604307591915 29.85056495666504 0.9029276967048645 0.0015040736179798841 28.240541458129883 0.850750207901001 0:32:14.085449
0.001039947266690433 29.856679916381836 0.9030252695083618 0.001501852530054748 28.24693489074707 0.850824236869812 0:32:25.779586
0.001040834584273398 29.85066795349121 0.9029380083084106 0.0015037572011351585 28.24155616760254 0.8506242632865906 0:32:37.471839
0.001039775786921382 29.857664108276367 0.9029790163040161 0.001503193168900907 28.242881774902344 0.8505924940109253 0:32:49.184622
0.0010395458666607738 29.85943603515625 0.9029961824417114 0.0015035069081932306 28.242198944091797 0.850721538066864 0:33:00.883511
0.0010398778831586242 29.858957290649414 0.9030064940452576 0.0015017288969829679 28.24679183959961 0.8507623672485352 0:33:12.573972
0.0010381247848272324 29.86355972290039 0.9030501246452332 0.0015003255102783442 28.251083374023438 0.8507442474365234 0:33:24.290960
0.0010400486644357443 29.855266571044922 0.9029527306556702 0.0015040081925690174 28.240829467773438 0.8505575656890869 0:33:35.998173
0.001039046561345458 29.861637115478516 0.9030179977416992 0.0015026942128315568 28.244251251220703 0.8506117463111877 0:33:47.742468
0.0010379488812759519 29.864744186401367 0.9030579328536987 0.0015031627845019102 28.243000030517578 0.8506014943122864 0:33:59.703489
0.0010387632064521313 29.860870361328125 0.9030274152755737 0.0015009937342256308 28.249126434326172 0.8509232997894287 0:34:11.395992
0.0010372824035584927 29.867704391479492 0.903031587600708 0.0014993951190263033 28.25380516052246 0.8508684635162354 0:34:23.089563
0.0010380391031503677 29.864437103271484 0.9030709266662598 0.0015010314527899027 28.249013900756836 0.850624144077301 0:34:34.764830
0.0010384467896074057 29.863059997558594 0.9029884934425354 0.0015025211032480001 28.24496078491211 0.8506627678871155 0:34:46.440483
0.0010379209415987134 29.86652374267578 0.9030327200889587 0.0015008760383352637 28.24953269958496 0.850561797618866 0:34:58.138749
0.0010381975444033742 29.864673614501953 0.9030166268348694 0.001503170933574438 28.243080139160156 0.8504891991615295 0:35:09.838657
0.0010373557452112436 29.869205474853516 0.9030227065086365 0.0015008901245892048 28.24937629699707 0.8507291674613953 0:35:21.556451
0.0010375826386734843 29.866159439086914 0.9030261039733887 0.0014992572832852602 28.254228591918945 0.8508424162864685 0:35:33.337912
0.001036754110828042 29.87187957763672 0.9030695557594299 0.0014995887177065015 28.253311157226562 0.8507886528968811 0:35:45.014965
0.0010363587643951178 29.87071418762207 0.9031090140342712 0.0014998239930719137 28.252655029296875 0.8510454297065735 0:35:56.725304
0.001037620473653078 29.867311477661133 0.9030245542526245 0.001500928308814764 28.249582290649414 0.8509126305580139 0:36:08.412387
0.0010370499221608043 29.86927604675293 0.9030721187591553 0.001499728299677372 28.25279426574707 0.8506266474723816 0:36:20.088734
0.0010373730910941958 29.868688583374023 0.9029973149299622 0.001498492551036179 28.256206512451172 0.8509089350700378 0:36:31.803074
0.0010360358282923698 29.873828887939453 0.9030898213386536 0.0015009245835244656 28.24944496154785 0.8506416082382202 0:36:43.519784
0.001035548048093915 29.874326705932617 0.9030827879905701 0.0014995841775089502 28.25322914123535 0.8507265448570251 0:36:55.274239
0.0010364659829065204 29.872356414794922 0.9030739665031433 0.001501290942542255 28.2482967376709 0.8505628108978271 0:37:06.987183
0.0010354362893849611 29.875864028930664 0.9030925631523132 0.0014995676465332508 28.25307273864746 0.8506504893302917 0:37:18.678317
0.001036595436744392 29.870437622070312 0.9030590653419495 0.0015014060772955418 28.248069763183594 0.8504781723022461 0:37:30.389955
0.0010349694639444351 29.877227783203125 0.903103768825531 0.0014999255072325468 28.25212860107422 0.850624144077301 0:37:42.067782
0.001036314177326858 29.87297248840332 0.9030423164367676 0.0014987797476351261 28.25568199157715 0.8506960272789001 0:37:53.762698
0.0010348920477554202 29.878881454467773 0.9030908346176147 0.0015007631154730916 28.249788284301758 0.8506967425346375 0:38:05.492913
0.0010356091661378741 29.876201629638672 0.9030495882034302 0.0014979414409026504 28.257850646972656 0.8506539463996887 0:38:17.175095
0.001034410553984344 29.880027770996094 0.9030807018280029 0.001499959733337164 28.25232696533203 0.8507297039031982 0:38:28.867759
0.0010347309289500117 29.877227783203125 0.9030492901802063 0.0015011202776804566 28.248897552490234 0.8506333827972412 0:38:40.574233
0.0010345004266127944 29.879819869995117 0.9030690789222717 0.0015003433218225837 28.251012802124023 0.8507840633392334 0:38:52.250540
0.0010345273185521364 29.879167556762695 0.9030711650848389 0.001499969162978232 28.25229263305664 0.8505390286445618 0:39:03.967506
0.0010340340668335557 29.879854202270508 0.9031102657318115 0.0014969566836953163 28.260488510131836 0.850930392742157 0:39:15.654480
0.001033675391227007 29.88226890563965 0.9031362533569336 0.0014999897684901953 28.2522029876709 0.8506731986999512 0:39:27.352608
0.0010344980983063579 29.879703521728516 0.9031175374984741 0.0015021513681858778 28.24591636657715 0.8508215546607971 0:39:39.083731
0.0010336259147152305 29.88460350036621 0.9031139016151428 0.0014982520369812846 28.256906509399414 0.8509085178375244 0:39:50.822171
0.001033741282299161 29.881179809570312 0.9031029343605042 0.001500145299360156 28.251731872558594 0.8505843281745911 0:40:02.519040
0.0010331516386941075 29.886945724487305 0.9031330347061157 0.0015029669739305973 28.24363899230957 0.8502093553543091 0:40:14.229096
0.0010331016965210438 29.884241104125977 0.9031305313110352 0.0015003052540123463 28.25130271911621 0.8506021499633789 0:40:25.908960
0.0010335120605304837 29.88268280029297 0.9031209349632263 0.0015014312230050564 28.24801254272461 0.850739598274231 0:40:37.600240
0.001032858737744391 29.885238647460938 0.9031285047531128 0.0015016843099147081 28.247291564941406 0.8503749966621399 0:40:49.388094
0.0010322582675144076 29.886823654174805 0.9031147956848145 0.00150170992128551 28.247024536132812 0.8507592082023621 0:41:01.073495
0.0010338573483750224 29.88210678100586 0.9030863046646118 0.0015012607909739017 28.248550415039062 0.8506430983543396 0:41:12.785890
0.0010321947047486901 29.888853073120117 0.9031497836112976 0.001498302211984992 28.256460189819336 0.8509019613265991 0:41:24.470093
0.0010316233383491635 29.88938331604004 0.9031899571418762 0.0014992193318903446 28.254220962524414 0.8505704998970032 0:41:36.149377
0.0010316356783732772 29.892080307006836 0.9031625986099243 0.0015013811644166708 28.24807357788086 0.850321352481842 0:41:47.911971
0.0010322063462808728 29.89054298400879 0.9031185507774353 0.0015015988610684872 28.247570037841797 0.8502943515777588 0:41:59.615571
0.001033106236718595 29.88379669189453 0.903085470199585 0.0014984438894316554 28.256000518798828 0.850719690322876 0:42:11.311308
0.0010316116968169808 29.890596389770508 0.9031835198402405 0.001498508034273982 28.25619125366211 0.8508024215698242 0:42:23.030953
0.0010313383536413312 29.892921447753906 0.9031513929367065 0.0014989818446338177 28.254732131958008 0.8501549959182739 0:42:34.711913
0.0010316682746633887 29.891143798828125 0.9031389951705933 0.0014977115206420422 28.258283615112305 0.8508955836296082 0:42:46.452485
0.0010319268330931664 29.89097785949707 0.9031022191047668 0.0014986195601522923 28.25562286376953 0.8502905368804932 0:42:58.219312
0.0010311297373846173 29.89458656311035 0.9032055735588074 0.0014969761250540614 28.260801315307617 0.8508808612823486 0:43:09.907965
0.0010318888816982508 29.88959503173828 0.9030986428260803 0.0014985635643824935 28.256248474121094 0.8506279587745667 0:43:21.605270
0.0010303562739863992 29.89753532409668 0.9031844735145569 0.001500549609772861 28.250383377075195 0.8505727648735046 0:43:33.295460
0.0010324842296540737 29.887537002563477 0.9030771255493164 0.0014986293390393257 28.255695343017578 0.8507485389709473 0:43:44.974030
0.0010308318305760622 29.892810821533203 0.9031406044960022 0.0014984370209276676 28.256385803222656 0.8504555821418762 0:43:56.688090
0.0010307598859071732 29.897048950195312 0.9031504988670349 0.0014974463265389204 28.25916290283203 0.8508023023605347 0:44:08.381629
0.0010314334649592638 29.891916275024414 0.9031646847724915 0.0014995211968198419 28.25324821472168 0.850662350654602 0:44:20.103721
0.0010315015679225326 29.892831802368164 0.9031164050102234 0.0015003788284957409 28.250825881958008 0.8504886031150818 0:44:31.826174
0.0010303728049620986 29.898740768432617 0.9031864404678345 0.00149873411282897 28.255685806274414 0.8506849408149719 0:44:43.517234
0.001030261511914432 29.895488739013672 0.9031784534454346 0.0014960902044549584 28.262908935546875 0.8509129285812378 0:44:55.227689
0.0010300829308107495 29.900909423828125 0.9031750559806824 0.0014982004649937153 28.257015228271484 0.8505260348320007 0:45:06.911761
0.0010302417213097215 29.89874267578125 0.9031577706336975 0.0015002419240772724 28.25117301940918 0.8505341410636902 0:45:18.604549
0.0010301903821527958 29.89858055114746 0.9031761288642883 0.0014983727596700191 28.256690979003906 0.8506901860237122 0:45:30.336990
0.0010296922409906983 29.899497985839844 0.9031793475151062 0.0014999532140791416 28.252235412597656 0.8504588603973389 0:45:42.028466
0.0010297788539901376 29.898544311523438 0.9031640887260437 0.0014988032635301352 28.255342483520508 0.8506090641021729 0:45:53.792754
0.0010296175023540854 29.900094985961914 0.9031543135643005 0.001501174527220428 28.2486629486084 0.8505384922027588 0:46:05.635083
0.0010300917783752084 29.89764976501465 0.9031798243522644 0.0014995125820860267 28.253490447998047 0.8506832122802734 0:46:17.323962
0.0010281844297423959 29.90796661376953 0.9032222032546997 0.0015001622959971428 28.251445770263672 0.850524365901947 0:46:29.040939
0.0010293042287230492 29.899988174438477 0.9031857848167419 0.0014976230449974537 28.258678436279297 0.8506598472595215 0:46:40.722095
0.0010298750130459666 29.901470184326172 0.9031411409378052 0.0014996695099398494 28.252952575683594 0.8504865169525146 0:46:52.409760
0.0010288957273587584 29.90230941772461 0.9031970500946045 0.0014984032604843378 28.256582260131836 0.8505808711051941 0:47:04.136601
0.0010287102777510881 29.90229606628418 0.903184711933136 0.001497561694122851 28.258743286132812 0.8505648970603943 0:47:15.830082
0.001028741244226694 29.905954360961914 0.9031781554222107 0.0014988523907959461 28.255287170410156 0.8505963683128357 0:47:27.513125
0.0010284613817930222 29.902067184448242 0.9031907320022583 0.0015000315615907311 28.252079010009766 0.8505224585533142 0:47:39.212613
0.0010290865320712328 29.901874542236328 0.9031820297241211 0.0014985683374106884 28.256065368652344 0.8506635427474976 0:47:50.907119
0.001028156140819192 29.908151626586914 0.9032353758811951 0.0014981626300141215 28.257076263427734 0.8508174419403076 0:48:02.641404
0.0010284674353897572 29.903491973876953 0.9031707644462585 0.0015012255171313882 28.248435974121094 0.8505579829216003 0:48:14.336767
0.0010278844274580479 29.905656814575195 0.9032431840896606 0.0014960713451728225 28.26313591003418 0.8507531881332397 0:48:26.021235
0.0010273591615259647 29.90909767150879 0.9032391309738159 0.0014994180528447032 28.253721237182617 0.8506245017051697 0:48:37.730158
0.0010284356540068984 29.903738021850586 0.9031785726547241 0.0014984366716817021 28.25644302368164 0.8505828380584717 0:48:49.454775
0.0010276874527335167 29.90842628479004 0.9032313227653503 0.0014965494628995657 28.261573791503906 0.8506323099136353 0:49:01.263111
0.001027282327413559 29.909324645996094 0.9032421708106995 0.0014979453990235925 28.25768280029297 0.8505871891975403 0:49:13.021638
0.0010275066597387195 29.90887451171875 0.9032514691352844 0.0014986778842285275 28.255582809448242 0.8506147861480713 0:49:24.718616
0.001027794205583632 29.90553855895996 0.9031888246536255 0.0014997790567576885 28.252521514892578 0.850453794002533 0:49:36.427887
0.0010273847728967667 29.909832000732422 0.9032420516014099 0.0014985851012170315 28.25592803955078 0.8505115509033203 0:49:48.099538
0.0010275734821334481 29.907018661499023 0.9032279253005981 0.0014987459871917963 28.2557315826416 0.8504065275192261 0:49:59.782430
0.0010269436752423644 29.910659790039062 0.9032196998596191 0.0014948463067412376 28.266414642333984 0.8506333231925964 0:50:11.507075
0.0010258038528263569 29.914819717407227 0.9032948017120361 0.001500008860602975 28.251977920532227 0.8505722880363464 0:50:23.194518
0.0010268747573718429 29.911617279052734 0.9032503366470337 0.0014989275950938463 28.255292892456055 0.850622296333313 0:50:34.892894
0.0010276928078383207 29.908498764038086 0.9031833410263062 0.0014986993046477437 28.255407333374023 0.8506141901016235 0:50:46.608386
0.0010264328448101878 29.91327476501465 0.9032382369041443 0.001498535624705255 28.25620460510254 0.8507607579231262 0:50:58.306726
0.0010271472856402397 29.910160064697266 0.9032055735588074 0.00149851746391505 28.255908966064453 0.85030597448349 0:51:10.022952
0.0010254366789013147 29.91807746887207 0.903298020362854 0.0014974563382565975 28.259334564208984 0.8507668972015381 0:51:21.706759
0.0010256111854687333 29.917848587036133 0.9033042788505554 0.0015001902356743813 28.251218795776367 0.8506125211715698 0:51:33.395890
0.001026417943648994 29.913496017456055 0.9032449722290039 0.001499550067819655 28.253297805786133 0.8506781458854675 0:51:45.102447
0.0010259102564305067 29.913684844970703 0.9032468795776367 0.0014959822874516249 28.263471603393555 0.850801944732666 0:51:56.834076
0.001025606645271182 29.916118621826172 0.9032593965530396 0.0014992745127528906 28.25402069091797 0.8504841923713684 0:52:08.526100
0.001026507350616157 29.912548065185547 0.903207004070282 0.001497914781793952 28.25802230834961 0.8503627181053162 0:52:20.248898
0.0010255732340738177 29.91840171813965 0.9033093452453613 0.001497307326644659 28.259414672851562 0.8505435585975647 0:52:31.924429
0.001026042620651424 29.915672302246094 0.9032566547393799 0.0014963698340579867 28.262399673461914 0.8506655097007751 0:52:43.622677
0.001026263809762895 29.914356231689453 0.9032342433929443 0.0014962161658331752 28.26262664794922 0.8506619334220886 0:52:55.401835
0.0010254712542518973 29.917619705200195 0.9032848477363586 0.0014987055910751224 28.25560760498047 0.8507372736930847 0:53:07.085046
0.0010254812659695745 29.920141220092773 0.903211236000061 0.0014960227999836206 28.263357162475586 0.8506162762641907 0:53:18.800850
0.001024866010993719 29.920015335083008 0.9032772183418274 0.0014931551413610578 28.271215438842773 0.8507582545280457 0:53:30.490858
0.001025457284413278 29.916685104370117 0.9032593369483948 0.0014967736788094044 28.26141929626465 0.8505871295928955 0:53:42.181577
0.0010248319013044238 29.919755935668945 0.9032534956932068 0.0014968920731917024 28.260801315307617 0.8505988717079163 0:53:54.000686
0.00102511839941144 29.91771125793457 0.9032880663871765 0.0014965776354074478 28.26171112060547 0.8507115244865417 0:54:05.694886
0.0010249628685414791 29.91953468322754 0.903266191482544 0.0014965736772865057 28.26177215576172 0.850238025188446 0:54:17.395003
0.0010242215357720852 29.924264907836914 0.9033183455467224 0.0014986853348091245 28.255817413330078 0.8505428433418274 0:54:29.144673
0.0010254329536110163 29.918241500854492 0.9032509922981262 0.0014974363148212433 28.259422302246094 0.850491464138031 0:54:40.834653
0.0010250854538753629 29.918922424316406 0.903240978717804 0.0014980140840634704 28.257877349853516 0.8505480289459229 0:54:52.596010
0.0010238870745524764 29.925922393798828 0.9033476710319519 0.0014979769475758076 28.25812530517578 0.8507625460624695 0:55:04.323248
0.0010245423763990402 29.922651290893555 0.9032490849494934 0.0014979777624830604 28.257919311523438 0.8506918549537659 0:55:16.028841
0.0010247125755995512 29.920703887939453 0.9032520651817322 0.0014991663629189134 28.254215240478516 0.8505323529243469 0:55:27.753959
0.0010240554111078382 29.923051834106445 0.9032888412475586 0.0014980005798861384 28.257850646972656 0.8507089018821716 0:55:39.437034
0.0010235027875751257 29.92767906188965 0.9033217430114746 0.0014965638983994722 28.2618408203125 0.8506994843482971 0:55:51.123674
0.001023768913000822 29.92463493347168 0.9033322930335999 0.0014979137340560555 28.258134841918945 0.8504529595375061 0:56:02.842394
0.0010241070995107293 29.923044204711914 0.9032896757125854 0.001497978693805635 28.25787353515625 0.8506798148155212 0:56:14.529824
0.0010236618109047413 29.925260543823242 0.9033091068267822 0.0014967480674386024 28.261329650878906 0.8506767749786377 0:56:26.263034
0.0010242678690701723 29.92293357849121 0.9032192826271057 0.001500966725870967 28.249177932739258 0.850407063961029 0:56:37.957284
0.001023042481392622 29.928016662597656 0.9033287167549133 0.0014965520240366459 28.261938095092773 0.8507258296012878 0:56:49.638166
0.0010240187402814627 29.923778533935547 0.9032724499702454 0.0014980471460148692 28.257667541503906 0.8503235578536987 0:57:01.364746
0.0010236571542918682 29.927614212036133 0.9033141732215881 0.0014994489029049873 28.253856658935547 0.8504061102867126 0:57:13.049713
0.0010224466677755117 29.930402755737305 0.903339147567749 0.0014946539886295795 28.267337799072266 0.8506464958190918 0:57:24.735100
0.0010232537752017379 29.92763328552246 0.9033049941062927 0.0015016377437859774 28.247386932373047 0.8502674102783203 0:57:36.440188
0.001023113843984902 29.92741584777832 0.9032884240150452 0.0015012221410870552 28.24868392944336 0.8503434658050537 0:57:48.121458
0.0010220528347417712 29.932844161987305 0.903312623500824 0.001498309662565589 28.256832122802734 0.8505666255950928 0:57:59.841812
0.0010222540004178882 29.931737899780273 0.9033547639846802 0.0014995646197348833 28.253170013427734 0.8502079844474792 0:58:11.821307
0.001021748292259872 29.9332332611084 0.9033544063568115 0.0014977090759202838 28.258535385131836 0.8502627611160278 0:58:23.510196
0.0010229767067357898 29.929574966430664 0.9032750129699707 0.0014962011482566595 28.26266860961914 0.8507755398750305 0:58:35.245965
0.0010228261817246675 29.93065071105957 0.903308093547821 0.0014977925457060337 28.258268356323242 0.8505151867866516 0:58:46.935898
0.0010225118603557348 29.930191040039062 0.9033375978469849 0.0014989166520535946 28.255062103271484 0.850426435470581 0:58:58.630225
0.0010225335136055946 29.93221092224121 0.903309166431427 0.0014959548134356737 28.263378143310547 0.850561797618866 0:59:10.343300
0.001022745855152607 29.930315017700195 0.9033138155937195 0.0015001018764451146 28.251792907714844 0.8502609729766846 0:59:22.030086
0.0010219307150691748 29.931520462036133 0.9033476114273071 0.0014980153646320105 28.25762939453125 0.8504465818405151 0:59:33.709436
0.0010230353800579906 29.927230834960938 0.9032561182975769 0.0014987606555223465 28.25575828552246 0.8506234288215637 0:59:45.419309
0.0010212380439043045 29.93513298034668 0.9033718109130859 0.0014947577146813273 28.266965866088867 0.8504948019981384 0:59:57.107762
0.0010217707604169846 29.93329429626465 0.903355598449707 0.0014974166406318545 28.259479522705078 0.8504573702812195 1:00:08.802963
0.0010212514316663146 29.935346603393555 0.9033424258232117 0.0014952844940125942 28.26563262939453 0.8509069085121155 1:00:20.489449
0.0010215778602287173 29.935558319091797 0.9033464193344116 0.0014988110633566976 28.25572395324707 0.8504443168640137 1:00:32.170946
0.00102189090102911 29.933683395385742 0.9033201932907104 0.0015000312123447657 28.252063751220703 0.850160539150238 1:00:43.870363
0.0010218367679044604 29.931570053100586 0.9032995700836182 0.0014981874264776707 28.257373809814453 0.8500162959098816 1:00:55.586321
0.0010211172048002481 29.934688568115234 0.9033205509185791 0.0014968253672122955 28.26111602783203 0.8502267003059387 1:01:07.319712
0.0010217553935945034 29.933351516723633 0.9033485054969788 0.0014988095499575138 28.25568199157715 0.8505544662475586 1:01:19.043028
0.0010209401370957494 29.935306549072266 0.9033719301223755 0.001494386699050665 28.268177032470703 0.8504990935325623 1:01:30.726028
0.0010227130260318518 29.928926467895508 0.9032725095748901 0.0014973949873819947 28.25939178466797 0.8501138687133789 1:01:42.441889
0.0010214827489107847 29.935609817504883 0.9033000469207764 0.0014944906579330564 28.267702102661133 0.8506866097450256 1:01:54.143236
0.0010206270962953568 29.93771743774414 0.9033876657485962 0.0014946633018553257 28.26740074157715 0.8508108854293823 1:02:05.829849
0.0010208330349996686 29.934890747070312 0.9033074378967285 0.0014983153669163585 28.257041931152344 0.8504341840744019 1:02:17.602893
0.0010214477078989148 29.933866500854492 0.903350830078125 0.0014981175772845745 28.257286071777344 0.8501589894294739 1:02:29.280463
0.0010213687783107162 29.93586540222168 0.9033236503601074 0.00150201003998518 28.24639129638672 0.8503142595291138 1:02:40.956776
0.001020145369693637 29.940387725830078 0.9033851027488708 0.0014992713695392013 28.25432586669922 0.8505881428718567 1:02:52.663391
0.0010211867047473788 29.935758590698242 0.9033512473106384 0.001497517223469913 28.259096145629883 0.850511908531189 1:03:04.340731
0.001019963063299656 29.940439224243164 0.9033948183059692 0.0014946175506338477 28.267568588256836 0.850695013999939 1:03:16.063175
0.0010204071877524257 29.937997817993164 0.9033886790275574 0.001498537720181048 28.256221771240234 0.8503633737564087 1:03:27.800955
0.0010199991520494223 29.941844940185547 0.903367280960083 0.0014976600650697947 28.25871467590332 0.850267767906189 1:03:39.499630
0.0010200310498476028 29.940290451049805 0.9033753871917725 0.001497430494055152 28.259361267089844 0.8502979874610901 1:03:51.207094
0.0010203036945313215 29.9400691986084 0.9033882021903992 0.0014986507594585419 28.25589370727539 0.8504162430763245 1:04:03.166170
0.001020570402033627 29.938793182373047 0.9033262729644775 0.0015000425046309829 28.251951217651367 0.8503826856613159 1:04:14.843841
0.0010204515419900417 29.935884475708008 0.9033339619636536 0.0014958838000893593 28.263853073120117 0.8505458831787109 1:04:26.570228
0.001020093564875424 29.94037437438965 0.9033324122428894 0.0014954443322494626 28.265249252319336 0.8507164716720581 1:04:38.253140
0.0010196935618296266 29.941116333007812 0.9034156203269958 0.001498980913311243 28.255277633666992 0.8505294322967529 1:04:49.946125
0.0010196163784712553 29.940305709838867 0.9033240675926208 0.0014958136016502976 28.264005661010742 0.8505287766456604 1:05:01.720088
0.0010195164941251278 29.944387435913086 0.903376042842865 0.001497923512943089 28.25812530517578 0.8503329753875732 1:05:13.408168
0.0010202610865235329 29.938844680786133 0.9033465385437012 0.0014978587860241532 28.258211135864258 0.850507378578186 1:05:25.114388
0.0010192471090704203 29.94489860534668 0.9033913016319275 0.0014991604257375002 28.254756927490234 0.8503683805465698 1:05:36.799296
0.0010198462987318635 29.943389892578125 0.9033694863319397 0.0014956739032641053 28.264551162719727 0.8506224155426025 1:05:48.480234
0.0010183020494878292 29.946989059448242 0.9034098982810974 0.001496105920523405 28.26336669921875 0.8505321741104126 1:06:00.185232
0.0010203218553215265 29.93951416015625 0.9033255577087402 0.0014986640308052301 28.255733489990234 0.8502979278564453 1:06:11.858015
0.0010187411680817604 29.946224212646484 0.9034128189086914 0.0014982358552515507 28.2572021484375 0.8503340482711792 1:06:23.564995
0.0010190940229222178 29.946210861206055 0.903363823890686 0.0014977414393797517 28.258487701416016 0.850441575050354 1:06:35.356839
0.001019067014567554 29.946611404418945 0.9033987522125244 0.001500882557593286 28.249778747558594 0.8504483699798584 1:06:47.035544
0.0010194354690611362 29.944581985473633 0.9033445715904236 0.0014973226934671402 28.259815216064453 0.8503081798553467 1:06:58.789073
0.0010183885460719466 29.95067596435547 0.9034086465835571 0.0014983168803155422 28.25709342956543 0.850438117980957 1:07:10.472619
0.0010189485037699342 29.94560432434082 0.9033744931221008 0.0014984812587499619 28.256752014160156 0.8504487872123718 1:07:22.148022
0.001017649774439633 29.949506759643555 0.9034544825553894 0.0014977409737184644 28.258615493774414 0.8502299785614014 1:07:33.844194
0.0010188970481976867 29.945863723754883 0.9033786654472351 0.0014986629830673337 28.256088256835938 0.8502772450447083 1:07:45.532514
0.0010179671226069331 29.946901321411133 0.9034091830253601 0.001495490549132228 28.265283584594727 0.8507211208343506 1:07:57.213619
0.001018898212350905 29.94707489013672 0.9033764004707336 0.0014973655343055725 28.25957489013672 0.8504968285560608 1:08:08.917690
0.001018598210066557 29.94525146484375 0.9033746123313904 0.001497634220868349 28.258800506591797 0.8502724170684814 1:08:20.611604
0.0010194556089118123 29.94390296936035 0.9033550024032593 0.0014967744937166572 28.261123657226562 0.8504712581634521 1:08:32.316424
0.0010193269699811935 29.944355010986328 0.9033505916595459 0.001497904071584344 28.25806427001953 0.8504593372344971 1:08:44.000272
0.0010163382394239306 29.956985473632812 0.9034731388092041 0.001499884412623942 28.252668380737305 0.8503691554069519 1:08:55.696312
0.001017667120322585 29.951833724975586 0.9034016132354736 0.0014980625128373504 28.2578125 0.8502841591835022 1:09:07.391594
0.0010184717830270529 29.946491241455078 0.9033958315849304 0.0014965063892304897 28.262109756469727 0.8503671288490295 1:09:19.085889
0.0010171864414587617 29.952728271484375 0.9034183621406555 0.0014972095377743244 28.259984970092773 0.850240170955658 1:09:30.766923
0.0010177927324548364 29.951786041259766 0.9034238457679749 0.0014959467807784677 28.2637996673584 0.85039883852005 1:09:42.474236
0.0010180590907111764 29.950410842895508 0.903385579586029 0.0014982314314693213 28.25732421875 0.8501720428466797 1:09:54.165237
0.001016791444271803 29.95244789123535 0.9034633636474609 0.0014989759074524045 28.255428314208984 0.850334882736206 1:10:05.895681
0.0010183161357417703 29.94861602783203 0.903353214263916 0.0014966442249715328 28.261892318725586 0.8504014015197754 1:10:17.829192
0.0010177544318139553 29.95065689086914 0.9033998847007751 0.001495633041486144 28.26458740234375 0.8507067561149597 1:10:29.513466
0.0010175170609727502 29.95144271850586 0.9033875465393066 0.001503344508819282 28.242454528808594 0.849929690361023 1:10:41.232083
0.0010172997135668993 29.952375411987305 0.9033785462379456 0.0014968974282965064 28.260974884033203 0.8506696224212646 1:10:52.914222
0.0010178065858781338 29.948307037353516 0.903393566608429 0.0014960621483623981 28.26336097717285 0.8507020473480225 1:11:04.603559
0.0010173899354413152 29.9506778717041 0.9034366011619568 0.001498058089055121 28.257709503173828 0.8505025506019592 1:11:16.315211
0.0010160176316276193 29.955652236938477 0.9034456014633179 0.0014990473864600062 28.254867553710938 0.8502956628799438 1:11:27.992979
0.0010174303315579891 29.953035354614258 0.9034369587898254 0.0014966257149353623 28.261962890625 0.8505253195762634 1:11:39.673489
0.0010177905205637217 29.951501846313477 0.9033522009849548 0.0014976686798036098 28.258480072021484 0.850269079208374 1:11:51.378219
0.0010170440655201674 29.952281951904297 0.903401255607605 0.001496396493166685 28.26259994506836 0.8504152894020081 1:12:03.063968
0.0010161983082070947 29.957094192504883 0.9034284949302673 0.0014994704397395253 28.253631591796875 0.8502433896064758 1:12:14.783698
0.0010171785252168775 29.954946517944336 0.903380274772644 0.0014969748444855213 28.26055145263672 0.8503573536872864 1:12:26.463616
0.0010159533703699708 29.95882225036621 0.9034766554832458 0.001496742945164442 28.261497497558594 0.8505661487579346 1:12:38.141380
0.0010170354507863522 29.95494270324707 0.903400719165802 0.0014976441161707044 28.259092330932617 0.8503060936927795 1:12:49.848379
0.0010168410371989012 29.95359992980957 0.9034081101417542 0.001495676813647151 28.26486587524414 0.8507206439971924 1:13:01.568222
0.0010160617530345917 29.957311630249023 0.9034522771835327 0.0014963989378884435 28.262060165405273 0.8505246043205261 1:13:13.292693
0.0010162615217268467 29.95751953125 0.9034388065338135 0.0014981580898165703 28.257301330566406 0.8503209352493286 1:13:24.987466
0.0010168839944526553 29.953340530395508 0.9034102559089661 0.0014963960275053978 28.26243019104004 0.8506243824958801 1:13:36.677374
0.001017384696751833 29.952959060668945 0.903355598449707 0.001497441902756691 28.2596492767334 0.8505949974060059 1:13:48.394707
0.0010153877083212137 29.96072006225586 0.9035015106201172 0.0014960813568904996 28.263385772705078 0.8504884839057922 1:14:00.100250
0.0010161219397559762 29.95660400390625 0.9034154415130615 0.0015032240189611912 28.24334144592285 0.8502417206764221 1:14:11.797834
0.0010164030827581882 29.95669174194336 0.9034063220024109 0.0014956188388168812 28.264602661132812 0.8504510521888733 1:14:23.537958
0.0010157654760405421 29.959468841552734 0.9034222960472107 0.0014950181357562542 28.26616668701172 0.8504822850227356 1:14:35.214418
0.0010160113452002406 29.95835304260254 0.903433620929718 0.0014992267824709415 28.254364013671875 0.8504989147186279 1:14:46.906642
0.0010157125070691109 29.958885192871094 0.9034676551818848 0.0014972109347581863 28.260229110717773 0.8505545258522034 1:14:58.609435
0.0010158611694350839 29.957923889160156 0.903395414352417 0.001497252145782113 28.259944915771484 0.8505601286888123 1:15:10.285948
0.0010163204278796911 29.955440521240234 0.9034191966056824 0.0014996664831414819 28.253189086914062 0.8502904176712036 1:15:21.984301
0.0010152963222935796 29.96292495727539 0.9034509062767029 0.001496620592661202 28.26195526123047 0.8505621552467346 1:15:33.730177
0.0010165775893256068 29.954925537109375 0.9033830761909485 0.0014948623720556498 28.266849517822266 0.8507833480834961 1:15:45.409447
0.0010158431250602007 29.9588680267334 0.9034115672111511 0.0014947117306292057 28.267301559448242 0.8505386114120483 1:15:57.119862
0.0010150281013920903 29.96230697631836 0.9034594893455505 0.0014978888211771846 28.258285522460938 0.8504478931427002 1:16:08.845253
0.001016457099467516 29.956682205200195 0.9034459590911865 0.0014960655244067311 28.263160705566406 0.8504337072372437 1:16:20.533434
0.001014832640066743 29.96064567565918 0.9034286737442017 0.0014953110367059708 28.265329360961914 0.8502061367034912 1:16:32.246309
0.0010154129704460502 29.961145401000977 0.903437614440918 0.0015042653540149331 28.23987579345703 0.849867045879364 1:16:43.920675
0.0010159558150917292 29.957813262939453 0.9033857583999634 0.0014979431871324778 28.257972717285156 0.8503566384315491 1:16:55.605893
0.0010146221611648798 29.964176177978516 0.9035082459449768 0.0014970973134040833 28.260469436645508 0.8504712581634521 1:17:07.351179
0.001014967099763453 29.96172523498535 0.9034594893455505 0.0014986986061558127 28.25596046447754 0.850286602973938 1:17:19.030914
0.0010158865479752421 29.958826065063477 0.9034124612808228 0.0014997738180682063 28.253158569335938 0.8504889011383057 1:17:30.743389
0.0010135499760508537 29.967111587524414 0.9035047888755798 0.001498370780609548 28.2567195892334 0.8503063321113586 1:17:42.415952
0.0010152604663744569 29.96131706237793 0.9034095406532288 0.0014966274611651897 28.26188850402832 0.8504388332366943 1:17:54.101098
0.001014653709717095 29.961753845214844 0.9034529328346252 0.0014967034803703427 28.261838912963867 0.8505637645721436 1:18:05.825287
0.0010158518562093377 29.958168029785156 0.9034162759780884 0.0014995945384725928 28.253318786621094 0.8503497242927551 1:18:17.506104
0.0010145476553589106 29.964885711669922 0.9034668207168579 0.0014949110336601734 28.266626358032227 0.8506247997283936 1:18:29.199550
0.0010153761832043529 29.961223602294922 0.9034597277641296 0.0015016546240076423 28.247493743896484 0.849847137928009 1:18:40.954001
0.0010134225012734532 29.968061447143555 0.9034839868545532 0.0014971650671213865 28.260366439819336 0.8503658771514893 1:18:52.627099
0.0010151502210646868 29.962955474853516 0.9034124612808228 0.0014994298107922077 28.253501892089844 0.8502848744392395 1:19:04.351516
0.0010147709399461746 29.96377182006836 0.9034199118614197 0.0014999218983575702 28.252403259277344 0.8503296375274658 1:19:16.123956
0.001015127869322896 29.96150016784668 0.9034169912338257 0.001498411875218153 28.25627326965332 0.8501393795013428 1:19:27.801305
0.001013777800835669 29.967697143554688 0.9034996628761292 0.0014977367827668786 28.258686065673828 0.8502576351165771 1:19:39.494610
0.001014380599372089 29.963552474975586 0.9034130573272705 0.0014998656697571278 28.252666473388672 0.8503835201263428 1:19:51.173821
0.001013262546621263 29.968416213989258 0.9035075306892395 0.0014993504155427217 28.253812789916992 0.8502169847488403 1:20:02.868201
0.0010144083062186837 29.964447021484375 0.9034686088562012 0.0014955110382288694 28.26504135131836 0.8507041931152344 1:20:14.584864
0.0010134208714589477 29.969125747680664 0.9034768342971802 0.0014977147802710533 28.258821487426758 0.8503791689872742 1:20:26.260817
0.0010143185500055552 29.965579986572266 0.9034380912780762 0.0014978651888668537 28.258209228515625 0.8502742052078247 1:20:37.970108
0.0010140180820599198 29.965120315551758 0.9034438133239746 0.0014969677431508899 28.260936737060547 0.8506463170051575 1:20:49.696284
0.0010139750083908439 29.9663028717041 0.9034594893455505 0.001498411176726222 28.25699806213379 0.8507001399993896 1:21:01.413684
0.0010139625519514084 29.9670352935791 0.9034399390220642 0.0014987279428169131 28.25567054748535 0.8504729270935059 1:21:13.106274
0.0010136662749573588 29.966793060302734 0.9034833312034607 0.001496999291703105 28.260469436645508 0.8502997756004333 1:21:24.804782
0.0010145734995603561 29.963144302368164 0.9034449458122253 0.0014991285279393196 28.254785537719727 0.8504040241241455 1:21:36.475378
0.0010133943287655711 29.969249725341797 0.9034913778305054 0.001497789053246379 28.258468627929688 0.8505542874336243 1:21:48.179447
0.001013625180348754 29.96843147277832 0.9034801721572876 0.0015016086399555206 28.24772834777832 0.8500126600265503 1:21:59.875557
0.0010127007262781262 29.972089767456055 0.9035455584526062 0.001497093471698463 28.260116577148438 0.8501309752464294 1:22:11.601167
0.0010140560334548354 29.963581085205078 0.9034154415130615 0.001497559598647058 28.259130477905273 0.8506720066070557 1:22:23.463019
0.0010123508982360363 29.97356605529785 0.9035096764564514 0.0014980430714786053 28.25758934020996 0.8506324291229248 1:22:35.144481
0.001013876055367291 29.965301513671875 0.9034503102302551 0.0014964633155614138 28.26233673095703 0.8505109548568726 1:22:46.869951
0.0010123375104740262 29.97214698791504 0.9035226702690125 0.0014966378221288323 28.261791229248047 0.8504708409309387 1:22:58.551597
0.001013789908029139 29.965850830078125 0.9034217596054077 0.0015007371548563242 28.250041961669922 0.8503866791725159 1:23:10.240377
0.001012903288938105 29.971527099609375 0.9034707546234131 0.001496102660894394 28.263315200805664 0.8505225777626038 1:23:21.943458
0.0010132536990568042 29.970775604248047 0.90345299243927 0.001496791373938322 28.26136589050293 0.8504086136817932 1:23:33.626306
0.0010126889683306217 29.974342346191406 0.9034737944602966 0.001498670782893896 28.25583267211914 0.8499840497970581 1:23:45.309305
0.001013235654681921 29.969093322753906 0.9034783840179443 0.0014993957011029124 28.254125595092773 0.8503518104553223 1:23:57.017625
0.001012454624287784 29.974184036254883 0.9034861922264099 0.001497928868047893 28.258283615112305 0.8503119945526123 1:24:08.706395
0.0010122178355231881 29.973556518554688 0.9034878611564636 0.0014965427108108997 28.262046813964844 0.8505585789680481 1:24:20.426028
0.0010127363493666053 29.971559524536133 0.903497576713562 0.0015005472814664245 28.250600814819336 0.8502578735351562 1:24:32.112689
0.0010135401971638203 29.96912384033203 0.9034450054168701 0.0014995360979810357 28.253273010253906 0.8501222133636475 1:24:43.813630
0.001011628657579422 29.97719955444336 0.903532087802887 0.001496395911090076 28.262338638305664 0.8503462076187134 1:24:55.528500
0.001012812601402402 29.969919204711914 0.9034661650657654 0.001495571224950254 28.264713287353516 0.8506501913070679 1:25:07.218603
0.0010125720873475075 29.97173500061035 0.9035080671310425 0.0014989341143518686 28.254817962646484 0.85063636302948 1:25:19.015445
0.001012820634059608 29.973350524902344 0.9034924507141113 0.001497437129728496 28.259525299072266 0.8505465984344482 1:25:30.739367
0.0010119470534846187 29.974891662597656 0.903517484664917 0.0014978502877056599 28.258262634277344 0.8505668640136719 1:25:42.421698
0.0010126859415322542 29.974029541015625 0.9034757614135742 0.0015001591527834535 28.25150489807129 0.8499508500099182 1:25:54.134977
0.0010119718499481678 29.97674560546875 0.9035176038742065 0.0015019869897514582 28.24635124206543 0.8502528667449951 1:26:05.822547
0.0010120135266333818 29.9759464263916 0.9035056233406067 0.0014983328292146325 28.256933212280273 0.8504841327667236 1:26:17.503767
0.0010111989686265588 29.978105545043945 0.9035081267356873 0.0014996384270489216 28.25290870666504 0.8503867387771606 1:26:29.237306
0.001012305961921811 29.97614097595215 0.9034361839294434 0.0015009731287136674 28.249446868896484 0.850270688533783 1:26:40.914231
0.0010122054954990745 29.974367141723633 0.9035287499427795 0.001498589408583939 28.256261825561523 0.8503048419952393 1:26:52.592959
0.0010112776653841138 29.97831916809082 0.9035173058509827 0.001497729099355638 28.25870132446289 0.8504884243011475 1:27:04.317505
0.0010101358639076352 29.980070114135742 0.9035700559616089 0.0014986296882852912 28.25609016418457 0.8504111170768738 1:27:16.021681
0.0010126180713996291 29.973064422607422 0.9034386873245239 0.0014967406168580055 28.261531829833984 0.850543737411499 1:27:27.708215
0.0010118671925738454 29.978046417236328 0.9034776091575623 0.0015023063169792295 28.24567985534668 0.8502882122993469 1:27:39.488802
0.0010106803383678198 29.98176383972168 0.9035576581954956 0.0014979229308664799 28.25804328918457 0.8503605723381042 1:27:51.165902
0.0010115897748619318 29.975671768188477 0.903509259223938 0.0014984593726694584 28.25639533996582 0.8504611253738403 1:28:02.879561
0.0010115759214386344 29.976003646850586 0.9034883975982666 0.0014981240965425968 28.257266998291016 0.8502159714698792 1:28:14.612252
0.0010112384334206581 29.97821807861328 0.9034979343414307 0.0014968854375183582 28.26071548461914 0.8502109050750732 1:28:26.324887
0.0010108286514878273 29.978946685791016 0.903494656085968 0.0014985406305640936 28.2564697265625 0.8505270481109619 1:28:38.032241
0.0010106356348842382 29.980520248413086 0.9035523533821106 0.001501206774264574 28.248573303222656 0.8497231006622314 1:28:49.706062
0.0010102789383381605 29.982391357421875 0.9035794734954834 0.0014998074620962143 28.252931594848633 0.850258469581604 1:29:01.412327
0.001011666958220303 29.977069854736328 0.903508722782135 0.0014988579787313938 28.255470275878906 0.8501393795013428 1:29:13.114213
0.0010125965345650911 29.970523834228516 0.9034489393234253 0.0014985454035922885 28.256128311157227 0.8505333065986633 1:29:24.796365
0.0010109832510352135 29.97837257385254 0.9035118222236633 0.0015004705637693405 28.250831604003906 0.8501730561256409 1:29:36.526394
0.0010104564717039466 29.981834411621094 0.9035481214523315 0.0015001907013356686 28.25128936767578 0.8501505255699158 1:29:48.204826
0.0010111905867233872 29.978513717651367 0.9034630060195923 0.001500806538388133 28.24967384338379 0.8502637147903442 1:29:59.897832
0.0010102886008098722 29.979724884033203 0.9035582542419434 0.001497833989560604 28.25806427001953 0.8503739833831787 1:30:11.600678
0.0010104429675266147 29.98117446899414 0.9035680890083313 0.0015003381995484233 28.251176834106445 0.8503437638282776 1:30:23.284778
0.0010109653230756521 29.978271484375 0.9034643769264221 0.0015002413420006633 28.2512149810791 0.8504114151000977 1:30:34.960172
0.00101069500669837 29.98101234436035 0.9035663604736328 0.0015002407599240541 28.251361846923828 0.8502718210220337 1:30:46.727525
0.0010111014125868678 29.981029510498047 0.9035226106643677 0.0014993599615991116 28.254066467285156 0.8502278923988342 1:30:58.432746
0.0010112932650372386 29.976682662963867 0.9035193920135498 0.0015009483322501183 28.249309539794922 0.8502013683319092 1:31:10.166262
0.0010103511158376932 29.979902267456055 0.9035205841064453 0.0014960753032937646 28.263208389282227 0.8505703806877136 1:31:21.892957
0.0010100050130859017 29.983631134033203 0.903566300868988 0.0015001619467511773 28.251602172851562 0.8500693440437317 1:31:33.583096
0.0010097600752487779 29.985301971435547 0.9035540819168091 0.0014998620608821511 28.252336502075195 0.8504831790924072 1:31:45.292666
0.001011478598229587 29.97683334350586 0.9034815430641174 0.0015006896574050188 28.25031280517578 0.8502940535545349 1:31:56.973097
0.0010098303901031613 29.98512840270996 0.9035549759864807 0.0014963098801672459 28.26237678527832 0.8505745530128479 1:32:08.663887
0.001010650652460754 29.979080200195312 0.9034920334815979 0.0015002228319644928 28.251394271850586 0.8501939177513123 1:32:20.381641
0.0010096594924107194 29.983402252197266 0.9035686254501343 0.0015022389125078917 28.245792388916016 0.8502448201179504 1:32:32.064885
0.0010112595045939088 29.978904724121094 0.9034845232963562 0.0014965872978791595 28.26181411743164 0.8501540422439575 1:32:43.756768
0.001010512700304389 29.981430053710938 0.9035230278968811 0.001501294202171266 28.248620986938477 0.850355327129364 1:32:55.527433
0.001010566484183073 29.981142044067383 0.9034873247146606 0.0014996392419561744 28.25315284729004 0.8503297567367554 1:33:07.203505
0.0010098566999658942 29.983509063720703 0.9035378694534302 0.0014976682141423225 28.25868034362793 0.8501293063163757 1:33:18.903679
0.0010094785830006003 29.986419677734375 0.9035143852233887 0.0015012986259534955 28.248369216918945 0.8501800894737244 1:33:30.581449
0.0010098207276314497 29.983623504638672 0.9035360813140869 0.0015018745325505733 28.24655532836914 0.8502538204193115 1:33:42.260600
0.0010098825441673398 29.984594345092773 0.9035466909408569 0.0014968377072364092 28.260942459106445 0.8505723476409912 1:33:53.956830
0.0010086987167596817 29.98944854736328 0.903602659702301 0.0014986068708822131 28.25605010986328 0.8502652645111084 1:34:05.658450
0.0010092899901792407 29.986635208129883 0.9035618901252747 0.0015025659231469035 28.244956970214844 0.8502796292304993 1:34:17.364709
0.0010094721801578999 29.98630142211914 0.903551459312439 0.0014995391247794032 28.253496170043945 0.8504831790924072 1:34:29.135637
0.0010091379517689347 29.988554000854492 0.9035401344299316 0.0015007408801466227 28.250160217285156 0.8501942157745361 1:34:40.832893
0.0010091784643009305 29.98796844482422 0.9035376906394958 0.0014994307421147823 28.254074096679688 0.8502154350280762 1:34:52.539678
0.0010095376055687666 29.98442840576172 0.903555154800415 0.001500319573096931 28.251516342163086 0.8504012227058411 1:35:04.222962
0.0010090265423059464 29.98708152770996 0.9035508036613464 0.0014980785781517625 28.257728576660156 0.8504635691642761 1:35:15.913989
0.0010096370242536068 29.98537826538086 0.9035241007804871 0.0015014751115813851 28.247997283935547 0.8502515554428101 1:35:27.616094
0.0010094173485413194 29.984655380249023 0.9035261869430542 0.00150073051918298 28.250120162963867 0.8503533601760864 1:35:39.296519
0.0010087790433317423 29.990093231201172 0.9035836458206177 0.0014991090865805745 28.254928588867188 0.8503882884979248 1:35:50.972608
0.0010086438851431012 29.986858367919922 0.9035853743553162 0.001499422243796289 28.253807067871094 0.8501009345054626 1:36:02.699958
0.0010084143141284585 29.987796783447266 0.9035806655883789 0.001497491728514433 28.259183883666992 0.8504698276519775 1:36:14.378003
0.0010095457546412945 29.98421859741211 0.9035212993621826 0.0014975126832723618 28.259042739868164 0.8504586219787598 1:36:26.071014
0.001009260187856853 29.98662757873535 0.9034915566444397 0.0014999835984781384 28.252197265625 0.850511908531189 1:36:37.749824
0.0010090830037370324 29.98877716064453 0.9035395979881287 0.0015013138763606548 28.248594284057617 0.8499927520751953 1:36:49.429638
0.0010090783471241593 29.989315032958984 0.9035630226135254 0.00150425941683352 28.239946365356445 0.8499457836151123 1:37:01.160507
0.0010085442336276174 29.99053955078125 0.9035475254058838 0.0014992175856605172 28.254302978515625 0.8500993251800537 1:37:12.844779
0.0010092873126268387 29.987823486328125 0.9035290479660034 0.0015019415877759457 28.246191024780273 0.850062370300293 1:37:24.575400
0.0010094891767948866 29.98662757873535 0.903519868850708 0.0014983712462708354 28.256698608398438 0.8504173159599304 1:37:36.337100