0.0012364794965833426 29.106582641601562 0.8916193246841431 0.0016601618845015764 27.860937118530273 0.8477897644042969 0:00:13.385490
0.0011942447163164616 29.25428581237793 0.8952722549438477 0.0016599702648818493 27.868534088134766 0.8480468988418579 0:00:26.412012
0.00118625455070287 29.283592224121094 0.8970835208892822 0.0016553886234760284 27.880630493164062 0.8489009141921997 0:00:39.227078
0.0011835292680189013 29.291790008544922 0.8975682854652405 0.001655424595810473 27.880456924438477 0.8492357730865479 0:00:51.984290
0.0011831080773845315 29.293678283691406 0.8978621959686279 0.0016543538076803088 27.883302688598633 0.8494898676872253 0:01:04.573003
0.001182001898996532 29.301015853881836 0.8980640769004822 0.0016532294685021043 27.886337280273438 0.8496840596199036 0:01:17.164760
0.0011810142314061522 29.304471969604492 0.8982272744178772 0.0016534472815692425 27.88584327697754 0.8497636914253235 0:01:29.831563
0.0011798925697803497 29.305477142333984 0.8982862830162048 0.0016542044468224049 27.88412857055664 0.849750280380249 0:01:42.554552
0.0011814479948952794 29.30122184753418 0.8982272148132324 0.001653815503232181 27.885028839111328 0.8497838973999023 0:01:55.302724
0.00117993145249784 29.307188034057617 0.8982195258140564 0.001650103833526373 27.895795822143555 0.8498087525367737 0:02:08.031388
0.0011741042835637927 29.33010482788086 0.8983730673789978 0.001631082035601139 27.9484806060791 0.8503103256225586 0:02:20.722778
0.0011597161646932364 29.380952835083008 0.8988321423530579 0.0016145624686032534 27.99433135986328 0.8504722118377686 0:02:33.368736
0.001139952801167965 29.456939697265625 0.899467408657074 0.0015958790900185704 28.046302795410156 0.8509538173675537 0:02:46.018792
0.001129398588091135 29.49846076965332 0.899867057800293 0.001582698430866003 28.083955764770508 0.8512850999832153 0:02:58.681930
0.0011183165479451418 29.540889739990234 0.9002724885940552 0.0015638703480362892 28.136274337768555 0.8519201874732971 0:03:11.355014
0.0011052583577111363 29.592548370361328 0.900847315788269 0.0015491159865632653 28.17946434020996 0.8526503443717957 0:03:24.049419
0.0010962017113342881 29.62778663635254 0.9013447165489197 0.0015426822938024998 28.19796371459961 0.8531503677368164 0:03:36.755549
0.0010928293922916055 29.641578674316406 0.9015443325042725 0.0015380880795419216 28.211366653442383 0.8532806038856506 0:03:49.448081
0.0010908805998042226 29.649883270263672 0.9016525745391846 0.0015358512755483389 28.218141555786133 0.8532560467720032 0:04:02.142812
0.0010877941967919469 29.662979125976562 0.9017391204833984 0.0015340092359110713 28.223634719848633 0.8533748388290405 0:04:14.837625
0.001086173695512116 29.66973876953125 0.9018334150314331 0.0015333355404436588 28.225996017456055 0.8533943295478821 0:04:27.532705
0.0010853437706828117 29.67007064819336 0.901856541633606 0.0015337151708081365 28.22539520263672 0.8531626462936401 0:04:40.229512
0.0010820956667885184 29.68480682373047 0.9020071625709534 0.0015338265802711248 28.224700927734375 0.8531954884529114 0:04:52.913195
0.0010819153394550085 29.683578491210938 0.9020030498504639 0.0015309248119592667 28.233501434326172 0.8535116910934448 0:05:05.603533
0.0010804182384163141 29.69064712524414 0.9020975232124329 0.0015298575162887573 28.236881256103516 0.8536287546157837 0:05:18.284466
0.0010782437166199088 29.698932647705078 0.9022027850151062 0.0015300288796424866 28.236928939819336 0.85357666015625 0:05:30.946174
0.0010789394145831466 29.696805953979492 0.9021652340888977 0.0015290657756850123 28.239011764526367 0.8536266088485718 0:05:43.634535
0.0010783079778775573 29.700931549072266 0.9021944403648376 0.0015270495787262917 28.244888305664062 0.8537285923957825 0:05:56.307198
0.001075976644642651 29.7072696685791 0.9022759199142456 0.0015265862457454205 28.246700286865234 0.8537690043449402 0:06:08.987665
0.0010748861823230982 29.71324920654297 0.9023761749267578 0.0015253890305757523 28.250045776367188 0.8538260459899902 0:06:21.651852
0.0010739705758169293 29.717918395996094 0.9024004936218262 0.001524616382084787 28.25275421142578 0.8537414073944092 0:06:34.332146
0.0010751947993412614 29.71421241760254 0.9023305773735046 0.0015272850869223475 28.245487213134766 0.8537089824676514 0:06:47.083452
0.0010727650951594114 29.7210750579834 0.9024026393890381 0.001524569233879447 28.252906799316406 0.8538275957107544 0:06:59.752071
0.0010722754523158073 29.7247257232666 0.9024571180343628 0.001523120328783989 28.25687599182129 0.8537859916687012 0:07:12.412900
0.001071787322871387 29.725126266479492 0.902498722076416 0.001523333601653576 28.25617218017578 0.8537641167640686 0:07:25.080480
0.0010690285125747323 29.736419677734375 0.9025979042053223 0.0015237457118928432 28.255760192871094 0.8537874221801758 0:07:37.741472
0.0010702733416110277 29.732526779174805 0.9025365710258484 0.0015230766730383039 28.25688362121582 0.8537336587905884 0:07:50.415308
0.0010688893962651491 29.73883628845215 0.9026132822036743 0.0015249914722517133 28.25214385986328 0.8536146283149719 0:08:03.085361
0.0010692052310332656 29.734304428100586 0.9025712609291077 0.001521119731478393 28.262582778930664 0.8539373278617859 0:08:15.775083
0.0010683942819014192 29.741098403930664 0.9026060700416565 0.0015235240571200848 28.256263732910156 0.8537501096725464 0:08:28.458265
0.0010679042898118496 29.74221420288086 0.9025955200195312 0.0015246131224557757 28.253128051757812 0.853773832321167 0:08:41.150163
0.0010665239533409476 29.747987747192383 0.9026627540588379 0.001523069804534316 28.257741928100586 0.8538818955421448 0:08:53.833974
0.0010674771619960666 29.743736267089844 0.9026505351066589 0.0015224522212520242 28.25897789001465 0.8536310791969299 0:09:06.525599
0.0010664376895874739 29.747974395751953 0.9026557803153992 0.0015220004133880138 28.26055908203125 0.8538825511932373 0:09:19.219136
0.0010657585225999355 29.751405715942383 0.9027066826820374 0.0015243642264977098 28.25448226928711 0.8538160920143127 0:09:31.897095
0.0010655797086656094 29.75049591064453 0.9026979804039001 0.00152425782289356 28.254148483276367 0.8537155985832214 0:09:44.573310
0.0010643667774274945 29.75563621520996 0.9027571082115173 0.0015230055432766676 28.25772476196289 0.8535959720611572 0:09:57.270868
0.001064405543729663 29.758237838745117 0.9027128219604492 0.0015215427847579122 28.261741638183594 0.8538272976875305 0:10:09.949394
0.0010650245239958167 29.756059646606445 0.9026753902435303 0.0015231911092996597 28.256555557250977 0.8534841537475586 0:10:22.630014
0.0010643277782946825 29.755399703979492 0.9027457237243652 0.0015197090106084943 28.266298294067383 0.8538852334022522 0:10:35.310407
0.0010633196216076612 29.761024475097656 0.9027718305587769 0.0015220677014440298 28.260513305664062 0.8537687659263611 0:10:47.996347
0.001064107520505786 29.758724212646484 0.9026861190795898 0.001520737772807479 28.26372528076172 0.8538237810134888 0:11:00.673784
0.0010641817934811115 29.757068634033203 0.9027007818222046 0.0015211121644824743 28.262346267700195 0.8535997867584229 0:11:13.359176
0.0010631814366206527 29.763504028320312 0.9027667045593262 0.0015222704969346523 28.259777069091797 0.8537964224815369 0:11:26.037205
0.0010631335899233818 29.763816833496094 0.9027085304260254 0.0015218259068205953 28.260969161987305 0.8537610173225403 0:11:38.724268
0.0010632820194587111 29.761051177978516 0.9027489423751831 0.0015198348555713892 28.266143798828125 0.8538955450057983 0:11:51.528693
0.001062218565493822 29.765321731567383 0.9027556777000427 0.0015198711771517992 28.26626205444336 0.8539108037948608 0:12:04.219506
0.0010615993523970246 29.76791000366211 0.9027690887451172 0.0015209695557132363 28.263431549072266 0.8536812663078308 0:12:16.916476
0.0010609021410346031 29.769359588623047 0.9027987122535706 0.0015208269469439983 28.2639217376709 0.8536927103996277 0:12:29.618035
0.0010613787453621626 29.769121170043945 0.9028176665306091 0.0015196115709841251 28.267242431640625 0.8539519906044006 0:12:42.335440
0.0010614268248900771 29.767953872680664 0.902731716632843 0.0015221528010442853 28.259641647338867 0.8534310460090637 0:12:55.044349
0.0010613652411848307 29.770112991333008 0.9027477502822876 0.0015192400896921754 28.268089294433594 0.8538908958435059 0:13:07.746213
0.0010598917724564672 29.77829360961914 0.9027804732322693 0.0015214101877063513 28.262304306030273 0.8536781668663025 0:13:20.448008
0.0010598492808640003 29.77595329284668 0.9028270840644836 0.0015216950559988618 28.260866165161133 0.8536905646324158 0:13:33.125887
0.0010602922411635518 29.774700164794922 0.9028130173683167 0.0015193866565823555 28.267820358276367 0.8538399338722229 0:13:45.800696
0.001059614703990519 29.77573585510254 0.9027778506278992 0.001519314362667501 28.26789093017578 0.8536679744720459 0:13:58.452204
0.0010588463628664613 29.778188705444336 0.9028416872024536 0.001521040336228907 28.26308250427246 0.8536345958709717 0:14:11.112014
0.0010585645213723183 29.78101921081543 0.902801513671875 0.0015215033199638128 28.26167869567871 0.8535646796226501 0:14:23.792911
0.001058292225934565 29.78228759765625 0.9028354287147522 0.0015203843358904123 28.264299392700195 0.8535796999931335 0:14:36.478387
0.0010571979219093919 29.785993576049805 0.9028869271278381 0.001525210216641426 28.2515869140625 0.8534155488014221 0:14:49.186869
0.0010575233027338982 29.783321380615234 0.902826189994812 0.0015221181092783809 28.259960174560547 0.8535622954368591 0:15:01.899934
0.0010569250443950295 29.78534698486328 0.902833104133606 0.0015173782594501972 28.272974014282227 0.8538687229156494 0:15:14.591693
0.0010576712666079402 29.7856502532959 0.902845561504364 0.0015203708317130804 28.264909744262695 0.8536106944084167 0:15:27.295067
0.0010574363404884934 29.787216186523438 0.902815043926239 0.0015227202093228698 28.259132385253906 0.8534694314002991 0:15:39.977221
0.0010569423902779818 29.787303924560547 0.9028268456459045 0.0015198405599221587 28.266265869140625 0.8536901473999023 0:15:52.660129
0.0010561353992670774 29.792516708374023 0.9028598666191101 0.0015246046241372824 28.253110885620117 0.8534297943115234 0:16:05.336233
0.0010566222481429577 29.788373947143555 0.9028705954551697 0.001518303994089365 28.27046012878418 0.8537092208862305 0:16:18.007368
0.0010549655416980386 29.795873641967773 0.9029209613800049 0.001519063371233642 28.268184661865234 0.8538028597831726 0:16:30.695337
0.0010558034991845489 29.793899536132812 0.9028258323669434 0.0015203958610072732 28.265079498291016 0.8535534739494324 0:16:43.427383
0.001055617816746235 29.791040420532227 0.9028388261795044 0.0015210950514301658 28.263072967529297 0.8535074591636658 0:16:56.095465
0.001055265194736421 29.796024322509766 0.9028764367103577 0.0015191040001809597 28.26822280883789 0.8536754250526428 0:17:08.766088
0.0010547145502641797 29.795249938964844 0.9028571844100952 0.0015199074987322092 28.266271591186523 0.8537507653236389 0:17:21.429498
0.0010542048839852214 29.796688079833984 0.9029157757759094 0.0015200636116787791 28.265316009521484 0.8535386919975281 0:17:34.098940
0.0010533105814829469 29.80055046081543 0.9029240012168884 0.0015176895540207624 28.271926879882812 0.8536050319671631 0:17:46.769942
0.001054273801855743 29.797863006591797 0.9028952717781067 0.0015194980660453439 28.26758575439453 0.8536194562911987 0:17:59.442321
0.0010539581999182701 29.801464080810547 0.9028562307357788 0.0015205212403088808 28.264122009277344 0.8535451889038086 0:18:12.119982
0.0010546508710831404 29.79388999938965 0.9028255939483643 0.001519567216746509 28.266950607299805 0.853510856628418 0:18:24.803881
0.0010528168641030788 29.803449630737305 0.9029136896133423 0.0015177479945123196 28.2719783782959 0.8536311388015747 0:18:37.461868
0.0010529592400416732 29.802391052246094 0.902915894985199 0.001519305631518364 28.26793098449707 0.8535210490226746 0:18:50.124562
0.0010522828670218587 29.805469512939453 0.902935266494751 0.0015210402198135853 28.263051986694336 0.8536728024482727 0:19:02.788198
0.0010525789111852646 29.803848266601562 0.902945339679718 0.0015213979640975595 28.26193618774414 0.8534294962882996 0:19:15.452804
0.0010521269869059324 29.805400848388672 0.9029164910316467 0.0015153557760640979 28.278343200683594 0.8537514209747314 0:19:28.127968
0.001053221640177071 29.801837921142578 0.9028569459915161 0.0015174495056271553 28.27315330505371 0.8535778522491455 0:19:40.817458
0.001051620696671307 29.808683395385742 0.9029036164283752 0.0015194093575701118 28.26734733581543 0.853421688079834 0:19:53.497562
0.0010522055672481656 29.805471420288086 0.9029205441474915 0.0015153782442212105 28.27855110168457 0.853965163230896 0:20:06.189803
0.0010518088238313794 29.806427001953125 0.9029204249382019 0.001517249969765544 28.273258209228516 0.8535773754119873 0:20:18.885699
0.0010515672620385885 29.809734344482422 0.9029056429862976 0.0015194775769487023 28.266706466674805 0.8533312082290649 0:20:31.579882
0.0010512027656659484 29.81052017211914 0.9029020667076111 0.0015205489471554756 28.264442443847656 0.8535258769989014 0:20:44.282102
0.0010504175443202257 29.81169319152832 0.902958869934082 0.0015172940911725163 28.272550582885742 0.8537309169769287 0:20:56.983566
0.0010504580568522215 29.81253433227539 0.9029009938240051 0.0015182410134002566 28.270248413085938 0.8533294200897217 0:21:09.689875
